Vertex Count: 432

Data:

6.0033 658.003 -158.18 0.8291 0.7026 -0.566 0.284 -0.491
15.1676 657.117 -164.492 0.8286 0.7256 -0.228 0.242 -0.727
0.3672 638.214 -162.936 0.7749 0.7007 -0.566 0.284 -0.491
6.0033 658.003 -158.18 0.8872 0.2625 -0.191 0.919 -0.007
-0.0372 656.792 -146.464 0.9282 0.2617 -0.191 0.919 -0.007
12.5231 659.407 -149.113 0.9038 0.2937 -0.191 0.919 -0.007
0.1862 653.636 -133.611 0.9639 0.281 -0.245 0.878 0.223
9.873 657.417 -137.92 0.9351 0.3013 -0.245 0.878 0.223
-0.0372 656.792 -146.464 0.9282 0.2617 -0.245 0.878 0.223
9.7169 658.831 -143.793 0.9204 0.2935 -0.245 0.878 0.223
-0.0372 656.792 -146.464 0.9282 0.2617 -0.245 0.878 0.223
9.873 657.417 -137.92 0.9351 0.3013 -0.245 0.878 0.223
5.7259 650.03 -124.616 0.9824 0.3103 -0.141 0.839 0.425
12.9497 655.545 -133.068 0.9443 0.3154 -0.141 0.839 0.425
0.1862 653.636 -133.611 0.9639 0.281 -0.141 0.839 0.425
9.873 657.417 -137.92 0.9351 0.3013 -0.141 0.839 0.425
0.1862 653.636 -133.611 0.9639 0.281 -0.141 0.839 0.425
12.9497 655.545 -133.068 0.9443 0.3154 -0.141 0.839 0.425
12.9497 655.545 -133.068 0.9443 0.3154 0.017 0.791 0.539
5.7259 650.03 -124.616 0.9824 0.3103 0.017 0.791 0.539
17.4569 653.904 -130.662 0.9453 0.3301 0.017 0.791 0.539
13.5015 647.046 -120.552 0.9839 0.3391 0.017 0.791 0.539
17.4569 653.904 -130.662 0.9453 0.3301 0.017 0.791 0.539
5.7259 650.03 -124.616 0.9824 0.3103 0.017 0.791 0.539
17.4569 653.904 -130.662 0.9453 0.3301 0.205 0.729 0.579
23.3251 644.898 -121.358 0.9688 0.3667 0.205 0.729 0.579
23.3399 652.607 -131.13 0.937 0.3445 0.205 0.729 0.579
13.5015 647.046 -120.552 0.9839 0.3391 0.205 0.729 0.579
23.3251 644.898 -121.358 0.9688 0.3667 0.205 0.729 0.579
17.4569 653.904 -130.662 0.9453 0.3301 0.205 0.729 0.579
32.6016 644.196 -127.711 0.9385 0.3845 0.409 0.666 0.531
23.3399 652.607 -131.13 0.937 0.3445 0.409 0.666 0.531
23.3251 644.898 -121.358 0.9688 0.3667 0.409 0.666 0.531
32.6016 644.196 -127.711 0.9385 0.3845 0.409 0.666 0.531
28.3567 652.191 -134.472 0.9224 0.3528 0.409 0.666 0.531
23.3399 652.607 -131.13 0.937 0.3445 0.409 0.666 0.531
28.3567 652.191 -134.472 0.9224 0.3528 0.586 0.627 0.375
32.6016 644.196 -127.711 0.9385 0.3845 0.586 0.627 0.375
38.6001 645.5 -139.323 0.8984 0.385 0.586 0.627 0.375
31.163 652.767 -139.792 0.9058 0.353 0.586 0.627 0.375
28.3567 652.191 -134.472 0.9224 0.3528 0.586 0.627 0.375
38.6001 645.5 -139.323 0.8984 0.385 0.586 0.627 0.375
31.163 652.767 -139.792 0.9058 0.353 0.641 0.668 0.146
38.6001 645.5 -139.323 0.8984 0.385 0.641 0.668 0.146
31.0068 654.181 -145.665 0.8911 0.3452 0.641 0.668 0.146
38.3765 648.531 -152.101 0.8623 0.366 0.641 0.668 0.146
31.0068 654.181 -145.665 0.8911 0.3452 0.641 0.668 0.146
38.6001 645.5 -139.323 0.8984 0.385 0.641 0.668 0.146
31.0068 654.181 -145.665 0.8911 0.3452 0.546 0.77 -0.049
38.3765 648.531 -152.101 0.8623 0.366 0.546 0.77 -0.049
27.9301 656.053 -150.517 0.8823 0.3313 0.546 0.77 -0.049
32.768 651.985 -161.24 0.8438 0.3364 0.546 0.77 -0.049
27.9301 656.053 -150.517 0.8823 0.3313 0.546 0.77 -0.049
38.3765 648.531 -152.101 0.8623 0.366 0.546 0.77 -0.049
24.1416 655.033 -165.491 0.8428 0.3052 0.379 0.86 -0.158
22.7572 657.882 -153.047 0.8818 0.3147 0.379 0.86 -0.158
32.768 651.985 -161.24 0.8438 0.3364 0.379 0.86 -0.158
27.9301 656.053 -150.517 0.8823 0.3313 0.379 0.86 -0.158
32.768 651.985 -161.24 0.8438 0.3364 0.379 0.86 -0.158
22.7572 657.882 -153.047 0.8818 0.3147 0.379 0.86 -0.158
22.7572 657.882 -153.047 0.8818 0.3147 0.188 0.92 -0.186
24.1416 655.033 -165.491 0.8428 0.3052 0.188 0.92 -0.186
15.1676 657.117 -164.492 0.8574 0.28 0.188 0.92 -0.186
17.5399 658.99 -152.455 0.8892 0.302 0.188 0.92 -0.186
22.7572 657.882 -153.047 0.8818 0.3147 0.188 0.92 -0.186
15.1676 657.117 -164.492 0.8574 0.28 0.188 0.92 -0.186
12.5231 659.407 -149.113 0.9038 0.2937 -0.007 0.94 -0.143
17.5399 658.99 -152.455 0.8892 0.302 -0.007 0.94 -0.143
6.0033 658.003 -158.18 0.8872 0.2625 -0.007 0.94 -0.143
15.1676 657.117 -164.492 0.8574 0.28 -0.007 0.94 -0.143
6.0033 658.003 -158.18 0.8872 0.2625 -0.007 0.94 -0.143
17.5399 658.99 -152.455 0.8892 0.302 -0.007 0.94 -0.143
60.7802 857.181 -96.4504 0.9023 0.3218 -0.333 0.844 -0.001
62.6372 857.905 -99.7318 0.9043 0.3271 -0.333 0.844 -0.001
55.5221 855.096 -98.0659 0.8936 0.3218 -0.333 0.844 -0.001
58.5649 856.283 -103.443 0.8965 0.3306 -0.333 0.844 -0.001
55.5221 855.096 -98.0659 0.8936 0.3218 -0.333 0.844 -0.001
62.6372 857.905 -99.7318 0.9043 0.3271 -0.333 0.844 -0.001
58.5649 856.283 -103.443 0.8965 0.3306 -0.25 0.875 -0.114
62.6372 857.905 -99.7318 0.9043 0.3271 -0.25 0.875 -0.114
66.0374 858.626 -101.621 0.9087 0.3311 -0.25 0.875 -0.114
66.0374 858.626 -101.621 0.9087 0.3311 -0.25 0.875 -0.114
64.1363 857.464 -106.537 0.9038 0.3372 -0.25 0.875 -0.114
58.5649 856.283 -103.443 0.8965 0.3306 -0.25 0.875 -0.114
70.0738 859.15 -101.61 0.9146 0.3325 -0.118 0.906 -0.169
70.7501 858.323 -106.52 0.9131 0.3394 -0.118 0.906 -0.169
64.1363 857.464 -106.537 0.9038 0.3372 -0.118 0.906 -0.169
66.0374 858.626 -101.621 0.9087 0.3311 -0.118 0.906 -0.169
70.0738 859.15 -101.61 0.9146 0.3325 -0.118 0.906 -0.169
64.1363 857.464 -106.537 0.9038 0.3372 -0.118 0.906 -0.169
70.7501 858.323 -106.52 0.9131 0.3394 0.035 0.941 -0.153
70.0738 859.15 -101.61 0.9146 0.3325 0.035 0.941 -0.153
76.6447 858.628 -103.377 0.9229 0.3369 0.035 0.941 -0.153
73.6713 859.336 -99.6919 0.9204 0.3308 0.035 0.941 -0.153
76.6447 858.628 -103.377 0.9229 0.3369 0.035 0.941 -0.153
70.0738 859.15 -101.61 0.9146 0.3325 0.035 0.941 -0.153
75.8551 859.135 -96.3887 0.9243 0.3269 0.168 0.96 -0.052
80.223 858.298 -97.9647 0.9297 0.3303 0.168 0.96 -0.052
73.6713 859.336 -99.6919 0.9204 0.3308 0.168 0.96 -0.052
76.6447 858.628 -103.377 0.9229 0.3369 0.168 0.96 -0.052
73.6713 859.336 -99.6919 0.9204 0.3308 0.168 0.96 -0.052
80.223 858.298 -97.9647 0.9297 0.3303 0.168 0.96 -0.052
76.04 858.6 -92.5851 0.9258 0.3218 0.228 0.962 0.127
80.5261 857.422 -91.7323 0.9321 0.3218 0.228 0.962 0.127
75.8551 859.135 -96.3887 0.9243 0.3269 0.228 0.962 0.127
80.223 858.298 -97.9647 0.9297 0.3303 0.228 0.962 0.127
75.8551 859.135 -96.3887 0.9243 0.3269 0.228 0.962 0.127
80.5261 857.422 -91.7323 0.9321 0.3218 0.228 0.962 0.127
80.5261 857.422 -91.7323 0.9321 0.3218 0.186 0.93 0.308
74.1767 857.875 -89.3004 0.9243 0.3164 0.186 0.93 0.308
77.473 856.234 -86.3501 0.9297 0.313 0.186 0.93 0.308
76.04 858.6 -92.5851 0.9258 0.3218 0.186 0.93 0.308
74.1767 857.875 -89.3004 0.9243 0.3164 0.186 0.93 0.308
80.5261 857.422 -91.7323 0.9321 0.3218 0.186 0.93 0.308
71.8816 855.053 -83.2601 0.9229 0.3066 0.054 0.874 0.431
77.473 856.234 -86.3501 0.9297 0.313 0.054 0.874 0.431
70.7643 857.154 -87.4146 0.9204 0.3125 0.054 0.874 0.431
74.1767 857.875 -89.3004 0.9243 0.3164 0.054 0.874 0.431
70.7643 857.154 -87.4146 0.9204 0.3125 0.054 0.874 0.431
77.473 856.234 -86.3501 0.9297 0.313 0.054 0.874 0.431
70.7643 857.154 -87.4146 0.9204 0.3125 -0.108 0.833 0.451
66.7172 856.63 -87.433 0.9146 0.311 -0.108 0.833 0.451
71.8816 855.053 -83.2601 0.9229 0.3066 -0.108 0.833 0.451
65.2501 854.194 -83.2904 0.9131 0.3042 -0.108 0.833 0.451
71.8816 855.053 -83.2601 0.9229 0.3066 -0.108 0.833 0.451
66.7172 856.63 -87.433 0.9146 0.311 -0.108 0.833 0.451
63.1327 856.445 -89.3525 0.9087 0.3123 -0.249 0.808 0.387
59.3767 853.891 -86.4356 0.9038 0.3064 -0.249 0.808 0.387
66.7172 856.63 -87.433 0.9146 0.311 -0.249 0.808 0.387
65.2501 854.194 -83.2904 0.9131 0.3042 -0.249 0.808 0.387
66.7172 856.63 -87.433 0.9146 0.311 -0.249 0.808 0.387
59.3767 853.891 -86.4356 0.9038 0.3064 -0.249 0.808 0.387
59.3767 853.891 -86.4356 0.9038 0.3064 -0.342 0.807 0.273
63.1327 856.445 -89.3525 0.9087 0.3123 -0.342 0.807 0.273
55.8185 854.221 -91.8432 0.8965 0.3127 -0.342 0.807 0.273
60.9611 856.647 -92.6527 0.9043 0.3162 -0.342 0.807 0.273
55.8185 854.221 -91.8432 0.8965 0.3127 -0.342 0.807 0.273
63.1327 856.445 -89.3525 0.9087 0.3123 -0.342 0.807 0.273
55.8185 854.221 -91.8432 0.8965 0.3127 -0.365 0.82 0.132
60.9611 856.647 -92.6527 0.9043 0.3162 -0.365 0.82 0.132
55.5221 855.096 -98.0659 0.8936 0.3218 -0.365 0.82 0.132
60.7802 857.181 -96.4504 0.9023 0.3218 -0.365 0.82 0.132
55.5221 855.096 -98.0659 0.8936 0.3218 -0.365 0.82 0.132
60.9611 856.647 -92.6527 0.9043 0.3162 -0.365 0.82 0.132
63.1946 854.068 -96.432 0.9082 0.3218 0.616 0.477 0.454
64.2648 854.485 -98.323 0.9087 0.3232 0.616 0.477 0.454
60.7802 857.181 -96.4504 0.9023 0.3218 0.616 0.477 0.454
62.6372 857.905 -99.7318 0.9043 0.3271 0.616 0.477 0.454
60.7802 857.181 -96.4504 0.9023 0.3218 0.616 0.477 0.454
64.2648 854.485 -98.323 0.9087 0.3232 0.616 0.477 0.454
62.6372 857.905 -99.7318 0.9043 0.3271 0.302 0.433 0.713
64.2648 854.485 -98.323 0.9087 0.3232 0.302 0.433 0.713
66.0374 858.626 -101.621 0.9087 0.3311 0.302 0.433 0.713
66.2242 854.901 -99.4114 0.9097 0.3247 0.302 0.433 0.713
66.0374 858.626 -101.621 0.9087 0.3311 0.302 0.433 0.713
64.2648 854.485 -98.323 0.9087 0.3232 0.302 0.433 0.713
66.0374 858.626 -101.621 0.9087 0.3311 -0.062 0.438 0.746
68.5502 855.203 -99.4051 0.9121 0.3254 -0.062 0.438 0.746
70.0738 859.15 -101.61 0.9146 0.3325 -0.062 0.438 0.746
68.5502 855.203 -99.4051 0.9121 0.3254 -0.062 0.438 0.746
66.0374 858.626 -101.621 0.9087 0.3311 -0.062 0.438 0.746
66.2242 854.901 -99.4114 0.9097 0.3247 -0.062 0.438 0.746
70.0738 859.15 -101.61 0.9146 0.3325 -0.351 0.48 0.613
70.6233 855.31 -98.3 0.9141 0.3252 -0.351 0.48 0.613
73.6713 859.336 -99.6919 0.9204 0.3308 -0.351 0.48 0.613
70.6233 855.31 -98.3 0.9141 0.3252 -0.351 0.48 0.613
70.0738 859.15 -101.61 0.9146 0.3325 -0.351 0.48 0.613
68.5502 855.203 -99.4051 0.9121 0.3254 -0.351 0.48 0.613
73.6713 859.336 -99.6919 0.9204 0.3308 -0.532 0.536 0.383
71.8818 855.194 -96.3964 0.916 0.3237 -0.532 0.536 0.383
75.8551 859.135 -96.3887 0.9243 0.3269 -0.532 0.536 0.383
71.8818 855.194 -96.3964 0.916 0.3237 -0.532 0.536 0.383
73.6713 859.336 -99.6919 0.9204 0.3308 -0.532 0.536 0.383
70.6233 855.31 -98.3 0.9141 0.3252 -0.532 0.536 0.383
75.8551 859.135 -96.3887 0.9243 0.3269 -0.59 0.597 0.111
71.8818 855.194 -96.3964 0.916 0.3237 -0.59 0.597 0.111
76.04 858.6 -92.5851 0.9258 0.3218 -0.59 0.597 0.111
71.9884 854.886 -94.2046 0.917 0.3218 -0.59 0.597 0.111
76.04 858.6 -92.5851 0.9258 0.3218 -0.59 0.597 0.111
71.8818 855.194 -96.3964 0.916 0.3237 -0.59 0.597 0.111
74.1767 857.875 -89.3004 0.9243 0.3164 -0.527 0.644 -0.155
76.04 858.6 -92.5851 0.9258 0.3218 -0.527 0.644 -0.155
70.9146 854.468 -92.3117 0.916 0.3196 -0.527 0.644 -0.155
71.9884 854.886 -94.2046 0.917 0.3218 -0.527 0.644 -0.155
70.9146 854.468 -92.3117 0.916 0.3196 -0.527 0.644 -0.155
76.04 858.6 -92.5851 0.9258 0.3218 -0.527 0.644 -0.155
74.1767 857.875 -89.3004 0.9243 0.3164 -0.352 0.671 -0.378
70.9146 854.468 -92.3117 0.916 0.3196 -0.352 0.671 -0.378
70.7643 857.154 -87.4146 0.9204 0.3125 -0.352 0.671 -0.378
68.9482 854.053 -91.2249 0.9141 0.3181 -0.352 0.671 -0.378
70.7643 857.154 -87.4146 0.9204 0.3125 -0.352 0.671 -0.378
70.9146 854.468 -92.3117 0.916 0.3196 -0.352 0.671 -0.378
70.7643 857.154 -87.4146 0.9204 0.3125 -0.085 0.68 -0.51
68.9482 854.053 -91.2249 0.9141 0.3181 -0.085 0.68 -0.51
66.7172 856.63 -87.433 0.9146 0.311 -0.085 0.68 -0.51
66.616 853.751 -91.2355 0.9121 0.3179 -0.085 0.68 -0.51
66.7172 856.63 -87.433 0.9146 0.311 -0.085 0.68 -0.51
68.9482 854.053 -91.2249 0.9141 0.3181 -0.085 0.68 -0.51
66.7172 856.63 -87.433 0.9146 0.311 0.235 0.661 -0.51
66.616 853.751 -91.2355 0.9121 0.3179 0.235 0.661 -0.51
63.1327 856.445 -89.3525 0.9087 0.3123 0.235 0.661 -0.51
64.5503 853.644 -92.3417 0.9097 0.3186 0.235 0.661 -0.51
63.1327 856.445 -89.3525 0.9087 0.3123 0.235 0.661 -0.51
66.616 853.751 -91.2355 0.9121 0.3179 0.235 0.661 -0.51
60.9611 856.647 -92.6527 0.9043 0.3162 0.548 0.618 -0.325
63.1327 856.445 -89.3525 0.9087 0.3123 0.548 0.618 -0.325
63.2989 853.76 -94.2435 0.9087 0.3201 0.548 0.618 -0.325
64.5503 853.644 -92.3417 0.9097 0.3186 0.548 0.618 -0.325
63.2989 853.76 -94.2435 0.9087 0.3201 0.548 0.618 -0.325
63.1327 856.445 -89.3525 0.9087 0.3123 0.548 0.618 -0.325
60.9611 856.647 -92.6527 0.9043 0.3162 0.713 0.55 0.043
63.2989 853.76 -94.2435 0.9087 0.3201 0.713 0.55 0.043
60.7802 857.181 -96.4504 0.9023 0.3218 0.713 0.55 0.043
63.1946 854.068 -96.432 0.9082 0.3218 0.713 0.55 0.043
60.7802 857.181 -96.4504 0.9023 0.3218 0.713 0.55 0.043
63.2989 853.76 -94.2435 0.9087 0.3201 0.713 0.55 0.043
-0.0372 656.792 -146.464 0.9282 0.2617 -0.191 0.919 -0.007
9.7169 658.831 -143.793 0.9204 0.2935 -0.191 0.919 -0.007
12.5231 659.407 -149.113 0.9038 0.2937 -0.191 0.919 -0.007
9.662 637.353 -169.482 0.7744 0.7241 -0.228 0.242 -0.727
0.3672 638.214 -162.936 0.7749 0.7007 -0.566 0.284 -0.491
15.1676 657.117 -164.492 0.8286 0.7256 -0.228 0.242 -0.727
24.1416 655.033 -165.491 0.8281 0.7446 0.179 0.153 -0.765
9.662 637.353 -169.482 0.7744 0.7241 -0.228 0.242 -0.727
15.1676 657.117 -164.492 0.8286 0.7256 -0.228 0.242 -0.727
19.5423 635.042 -170.425 0.7739 0.7451 0.177 0.145 -0.766
9.662 637.353 -169.482 0.7744 0.7241 -0.228 0.242 -0.727
24.1416 655.033 -165.491 0.8281 0.7446 0.179 0.153 -0.765
24.1416 655.033 -165.491 0.8281 0.7446 0.179 0.153 -0.765
32.768 651.985 -161.24 0.8281 0.7656 0.545 0.015 -0.584
19.5423 635.042 -170.425 0.7739 0.7451 0.177 0.145 -0.766
28.2111 631.973 -166.125 0.7739 0.7656 0.545 0.015 -0.584
19.5423 635.042 -170.425 0.7739 0.7451 0.177 0.145 -0.766
32.768 651.985 -161.24 0.8281 0.7656 0.545 0.015 -0.584
28.2111 631.973 -166.125 0.7739 0.7656 0.545 0.015 -0.584
32.768 651.985 -161.24 0.8281 0.7656 0.545 0.015 -0.584
33.8893 628.468 -156.844 0.7739 0.7886 0.753 -0.113 -0.249
38.3765 648.531 -152.101 0.8281 0.7891 0.753 -0.113 -0.249
33.8893 628.468 -156.844 0.7739 0.7886 0.753 -0.113 -0.249
32.768 651.985 -161.24 0.8281 0.7656 0.545 0.015 -0.584
33.8893 628.468 -156.844 0.7739 0.7886 0.753 -0.113 -0.249
38.3765 648.531 -152.101 0.8281 0.7891 0.753 -0.113 -0.249
34.108 625.413 -143.957 0.7739 0.8159 0.759 -0.207 0.143
38.6001 645.5 -139.323 0.8281 0.8164 0.759 -0.207 0.143
34.108 625.413 -143.957 0.7739 0.8159 0.759 -0.207 0.143
38.3765 648.531 -152.101 0.8281 0.7891 0.753 -0.113 -0.249
38.6001 645.5 -139.323 0.8281 0.8164 0.759 -0.207 0.143
32.6016 644.196 -127.711 0.8276 0.8433 0.575 -0.246 0.5
34.108 625.413 -143.957 0.7739 0.8159 0.759 -0.207 0.143
28.0646 624.096 -132.243 0.7734 0.8428 0.575 -0.246 0.5
34.108 625.413 -143.957 0.7739 0.8159 0.759 -0.207 0.143
32.6016 644.196 -127.711 0.8276 0.8433 0.575 -0.246 0.5
32.6016 644.196 -127.711 0.8276 0.8433 0.575 -0.246 0.5
23.3251 644.898 -121.358 0.8276 0.8662 0.234 -0.219 0.732
28.0646 624.096 -132.243 0.7734 0.8428 0.575 -0.246 0.5
18.6597 624.804 -125.785 0.7734 0.8662 0.234 -0.219 0.732
28.0646 624.096 -132.243 0.7734 0.8428 0.575 -0.246 0.5
23.3251 644.898 -121.358 0.8276 0.8662 0.234 -0.219 0.732
18.6597 624.804 -125.785 0.7734 0.8662 0.234 -0.219 0.732
23.3251 644.898 -121.358 0.8276 0.8662 0.234 -0.219 0.732
8.7746 626.96 -124.949 0.7734 0.8872 -0.186 -0.127 0.768
13.5015 647.046 -120.552 0.8276 0.8872 -0.184 -0.12 0.769
8.7746 626.96 -124.949 0.7734 0.8872 -0.186 -0.127 0.768
23.3251 644.898 -121.358 0.8276 0.8662 0.234 -0.219 0.732
8.7746 626.96 -124.949 0.7734 0.8872 -0.186 -0.127 0.768
13.5015 647.046 -120.552 0.8276 0.8872 -0.184 -0.12 0.769
0.1447 630.209 -129.286 0.7739 0.9077 -0.54 0.008 0.59
5.7259 650.03 -124.616 0.8281 0.9067 -0.54 0.008 0.59
0.1447 630.209 -129.286 0.7739 0.9077 -0.54 0.008 0.59
13.5015 647.046 -120.552 0.8276 0.8872 -0.184 -0.12 0.769
0.1447 630.209 -129.286 0.7739 0.9077 -0.54 0.008 0.59
5.7259 650.03 -124.616 0.8281 0.9067 -0.54 0.008 0.59
-5.4084 633.879 -138.543 0.7744 0.9307 -0.744 0.151 0.258
0.1862 653.636 -133.611 0.8286 0.9297 -0.744 0.151 0.258
-5.4084 633.879 -138.543 0.7744 0.9307 -0.744 0.151 0.258
5.7259 650.03 -124.616 0.8281 0.9067 -0.54 0.008 0.59
-5.4084 633.879 -138.543 0.7744 0.9307 -0.744 0.151 0.258
0.1862 653.636 -133.611 0.8286 0.9297 -0.744 0.151 0.258
-5.5741 636.993 -151.294 0.7744 0.9575 -0.751 0.244 -0.134
-0.0372 656.792 -146.464 0.8286 0.957 -0.751 0.244 -0.134
-5.5741 636.993 -151.294 0.7744 0.9575 -0.751 0.244 -0.134
0.1862 653.636 -133.611 0.8286 0.9297 -0.744 0.151 0.258
-0.0372 656.792 -146.464 0.8286 0.957 -0.751 0.244 -0.134
6.0033 658.003 -158.18 0.8286 0.9844 -0.566 0.284 -0.491
-5.5741 636.993 -151.294 0.7744 0.9575 -0.751 0.244 -0.134
0.3672 638.214 -162.936 0.7744 0.9844 -0.566 0.284 -0.491
-5.5741 636.993 -151.294 0.7744 0.9575 -0.751 0.244 -0.134
6.0033 658.003 -158.18 0.8286 0.9844 -0.566 0.284 -0.491
58.5649 856.283 -103.443 0.9839 0.4167 -0.556 0.224 -0.532
40.0994 763.065 -123.99 0.9849 0.6826 -0.567 0.247 -0.511
55.5221 855.096 -98.0659 0.9712 0.4185 -0.765 0.184 -0.148
12.5231 659.407 -149.113 0.9839 0.9834 -0.563 0.268 -0.499
9.7169 658.831 -143.793 0.9712 0.9834 -0.752 0.237 -0.136
40.0994 763.065 -123.99 0.9849 0.6826 -0.567 0.247 -0.511
37.372 762.505 -118.819 0.9712 0.6826 -0.759 0.207 -0.143
55.5221 855.096 -98.0659 0.9712 0.4185 -0.765 0.184 -0.148
40.0994 763.065 -123.99 0.9849 0.6826 -0.567 0.247 -0.511
37.372 762.505 -118.819 0.9712 0.6826 -0.759 0.207 -0.143
40.0994 763.065 -123.99 0.9849 0.6826 -0.567 0.247 -0.511
9.7169 658.831 -143.793 0.9712 0.9834 -0.752 0.237 -0.136
37.372 762.505 -118.819 0.9712 0.6826 -0.759 0.207 -0.143
37.5238 761.131 -113.112 0.957 0.6826 -0.75 0.109 0.262
55.5221 855.096 -98.0659 0.9712 0.4185 -0.765 0.184 -0.148
37.372 762.505 -118.819 0.9712 0.6826 -0.759 0.207 -0.143
9.7169 658.831 -143.793 0.9712 0.9834 -0.752 0.237 -0.136
37.5238 761.131 -113.112 0.957 0.6826 -0.75 0.109 0.262
55.5221 855.096 -98.0659 0.9712 0.4185 -0.765 0.184 -0.148
37.5238 761.131 -113.112 0.957 0.6826 -0.75 0.109 0.262
55.8185 854.221 -91.8432 0.9585 0.4167 -0.747 0.08 0.277
9.873 657.417 -137.92 0.959 0.9834 -0.743 0.133 0.262
37.5238 761.131 -113.112 0.957 0.6826 -0.75 0.109 0.262
9.7169 658.831 -143.793 0.9712 0.9834 -0.752 0.237 -0.136
37.5238 761.131 -113.112 0.957 0.6826 -0.75 0.109 0.262
40.5139 759.312 -108.397 0.9438 0.6826 -0.545 -0.015 0.584
55.8185 854.221 -91.8432 0.9585 0.4167 -0.747 0.08 0.277
37.5238 761.131 -113.112 0.957 0.6826 -0.75 0.109 0.262
9.873 657.417 -137.92 0.959 0.9834 -0.743 0.133 0.262
40.5139 759.312 -108.397 0.9438 0.6826 -0.545 -0.015 0.584
55.8185 854.221 -91.8432 0.9585 0.4167 -0.747 0.08 0.277
40.5139 759.312 -108.397 0.9438 0.6826 -0.545 -0.015 0.584
59.3767 853.891 -86.4356 0.9448 0.4121 -0.516 -0.036 0.607
12.9497 655.545 -133.068 0.9468 0.9834 -0.546 0.003 0.581
40.5139 759.312 -108.397 0.9438 0.6826 -0.545 -0.015 0.584
9.873 657.417 -137.92 0.959 0.9834 -0.743 0.133 0.262
59.3767 853.891 -86.4356 0.9448 0.4121 -0.516 -0.036 0.607
40.5139 759.312 -108.397 0.9438 0.6826 -0.545 -0.015 0.584
65.2501 854.194 -83.2904 0.9312 0.406 -0.136 -0.157 0.774
43.164 752.781 -107.345 0.9336 0.6973 -0.194 -0.133 0.765
40.5139 759.312 -108.397 0.9438 0.6826 -0.545 -0.015 0.584
12.9497 655.545 -133.068 0.9468 0.9834 -0.546 0.003 0.581
43.164 752.781 -107.345 0.9336 0.6973 -0.194 -0.133 0.765
65.2501 854.194 -83.2904 0.9312 0.406 -0.136 -0.157 0.774
40.5139 759.312 -108.397 0.9438 0.6826 -0.545 -0.015 0.584
17.4569 653.904 -130.662 0.9355 0.9834 -0.2 -0.131 0.764
43.164 752.781 -107.345 0.9336 0.6973 -0.194 -0.133 0.765
12.9497 655.545 -133.068 0.9468 0.9834 -0.546 0.003 0.581
17.4569 653.904 -130.662 0.9355 0.9834 -0.2 -0.131 0.764
23.3399 652.607 -131.13 0.9229 0.9834 0.217 -0.232 0.733
43.164 752.781 -107.345 0.9336 0.6973 -0.194 -0.133 0.765
43.164 752.781 -107.345 0.9336 0.6973 -0.194 -0.133 0.765
48.8815 751.521 -107.8 0.9204 0.6973 0.225 -0.226 0.736
65.2501 854.194 -83.2904 0.9312 0.406 -0.136 -0.157 0.774
43.164 752.781 -107.345 0.9336 0.6973 -0.194 -0.133 0.765
23.3399 652.607 -131.13 0.9229 0.9834 0.217 -0.232 0.733
48.8815 751.521 -107.8 0.9204 0.6973 0.225 -0.226 0.736
65.2501 854.194 -83.2904 0.9312 0.406 -0.136 -0.157 0.774
48.8815 751.521 -107.8 0.9204 0.6973 0.225 -0.226 0.736
71.8816 855.053 -83.2601 0.9175 0.3999 0.266 -0.232 0.718
23.3399 652.607 -131.13 0.9229 0.9834 0.217 -0.232 0.733
28.3567 652.191 -134.472 0.9116 0.9834 0.563 -0.262 0.507
48.8815 751.521 -107.8 0.9204 0.6973 0.225 -0.226 0.736
48.8815 751.521 -107.8 0.9204 0.6973 0.225 -0.226 0.736
53.7571 751.117 -111.048 0.9072 0.6973 0.566 -0.253 0.503
71.8816 855.053 -83.2601 0.9175 0.3999 0.266 -0.232 0.718
48.8815 751.521 -107.8 0.9204 0.6973 0.225 -0.226 0.736
28.3567 652.191 -134.472 0.9116 0.9834 0.563 -0.262 0.507
53.7571 751.117 -111.048 0.9072 0.6973 0.566 -0.253 0.503
71.8816 855.053 -83.2601 0.9175 0.3999 0.266 -0.232 0.718
53.7571 751.117 -111.048 0.9072 0.6973 0.566 -0.253 0.503
77.473 856.234 -86.3501 0.9038 0.3955 0.586 -0.245 0.483
28.3567 652.191 -134.472 0.9116 0.9834 0.563 -0.262 0.507
31.163 652.767 -139.792 0.8994 0.9834 0.754 -0.229 0.138
53.7571 751.117 -111.048 0.9072 0.6973 0.566 -0.253 0.503
53.7571 751.117 -111.048 0.9072 0.6973 0.566 -0.253 0.503
56.4844 751.676 -116.218 0.895 0.6973 0.758 -0.214 0.141
77.473 856.234 -86.3501 0.9038 0.3955 0.586 -0.245 0.483
53.7571 751.117 -111.048 0.9072 0.6973 0.566 -0.253 0.503
31.163 652.767 -139.792 0.8994 0.9834 0.754 -0.229 0.138
56.4844 751.676 -116.218 0.895 0.6973 0.758 -0.214 0.141
77.473 856.234 -86.3501 0.9038 0.3955 0.586 -0.245 0.483
56.4844 751.676 -116.218 0.895 0.6973 0.758 -0.214 0.141
80.5261 857.422 -91.7323 0.8896 0.394 0.759 -0.207 0.143
80.5261 857.422 -91.7323 0.8896 0.394 0.759 -0.207 0.143
56.4844 751.676 -116.218 0.895 0.6973 0.758 -0.214 0.141
80.223 858.298 -97.9647 0.876 0.396 0.754 -0.118 -0.23
56.4844 751.676 -116.218 0.895 0.6973 0.758 -0.214 0.141
31.163 652.767 -139.792 0.8994 0.9834 0.754 -0.229 0.138
56.3327 753.05 -121.926 0.8823 0.6978 0.746 -0.118 -0.258
56.3327 753.05 -121.926 0.8823 0.6978 0.746 -0.118 -0.258
80.223 858.298 -97.9647 0.876 0.396 0.754 -0.118 -0.23
56.4844 751.676 -116.218 0.895 0.6973 0.758 -0.214 0.141
31.0068 654.181 -145.665 0.8857 0.9839 0.746 -0.124 -0.266
56.3327 753.05 -121.926 0.8823 0.6978 0.746 -0.118 -0.258
31.163 652.767 -139.792 0.8994 0.9834 0.754 -0.229 0.138
80.223 858.298 -97.9647 0.876 0.396 0.754 -0.118 -0.23
56.3327 753.05 -121.926 0.8823 0.6978 0.746 -0.118 -0.258
76.6447 858.628 -103.377 0.8623 0.4009 0.569 -0.004 -0.562
56.3327 753.05 -121.926 0.8823 0.6978 0.746 -0.118 -0.258
31.0068 654.181 -145.665 0.8857 0.9839 0.746 -0.124 -0.266
53.3425 754.87 -126.641 0.8696 0.6978 0.539 0.01 -0.593
53.3425 754.87 -126.641 0.8696 0.6978 0.539 0.01 -0.593
76.6447 858.628 -103.377 0.8623 0.4009 0.569 -0.004 -0.562
56.3327 753.05 -121.926 0.8823 0.6978 0.746 -0.118 -0.258
27.9301 656.053 -150.517 0.8726 0.9839 0.531 0.004 -0.596
53.3425 754.87 -126.641 0.8696 0.6978 0.539 0.01 -0.593
31.0068 654.181 -145.665 0.8857 0.9839 0.746 -0.124 -0.266
76.6447 858.628 -103.377 0.8623 0.4009 0.569 -0.004 -0.562
53.3425 754.87 -126.641 0.8696 0.6978 0.539 0.01 -0.593
70.7501 858.323 -106.52 0.8486 0.4075 0.228 0.115 -0.76
53.3425 754.87 -126.641 0.8696 0.6978 0.539 0.01 -0.593
27.9301 656.053 -150.517 0.8726 0.9839 0.531 0.004 -0.596
48.3151 756.648 -129.1 0.8569 0.6982 0.17 0.14 -0.769
48.3151 756.648 -129.1 0.8569 0.6982 0.17 0.14 -0.769
70.7501 858.323 -106.52 0.8486 0.4075 0.228 0.115 -0.76
53.3425 754.87 -126.641 0.8696 0.6978 0.539 0.01 -0.593
22.7572 657.882 -153.047 0.8594 0.9844 0.164 0.141 -0.77
48.3151 756.648 -129.1 0.8569 0.6982 0.17 0.14 -0.769
27.9301 656.053 -150.517 0.8726 0.9839 0.531 0.004 -0.596
22.7572 657.882 -153.047 0.8594 0.9844 0.164 0.141 -0.77
17.5399 658.99 -152.455 0.8477 0.9844 -0.238 0.235 -0.724
48.3151 756.648 -129.1 0.8569 0.6982 0.17 0.14 -0.769
44.975 762.66 -127.238 0.8462 0.6836 -0.234 0.219 -0.732
70.7501 858.323 -106.52 0.8486 0.4075 0.228 0.115 -0.76
48.3151 756.648 -129.1 0.8569 0.6982 0.17 0.14 -0.769
48.3151 756.648 -129.1 0.8569 0.6982 0.17 0.14 -0.769
17.5399 658.99 -152.455 0.8477 0.9844 -0.238 0.235 -0.724
44.975 762.66 -127.238 0.8462 0.6836 -0.234 0.219 -0.732
64.1363 857.464 -106.537 0.835 0.4141 -0.195 0.205 -0.746
70.7501 858.323 -106.52 0.8486 0.4075 0.228 0.115 -0.76
44.975 762.66 -127.238 0.8462 0.6836 -0.234 0.219 -0.732
17.5399 658.99 -152.455 0.8477 0.9844 -0.238 0.235 -0.724
12.5231 659.407 -149.113 0.8345 0.9849 -0.563 0.268 -0.499
44.975 762.66 -127.238 0.8462 0.6836 -0.234 0.219 -0.732
64.1363 857.464 -106.537 0.835 0.4141 -0.195 0.205 -0.746
44.975 762.66 -127.238 0.8462 0.6836 -0.234 0.219 -0.732
58.5649 856.283 -103.443 0.8213 0.4189 -0.556 0.224 -0.532
40.0994 763.065 -123.99 0.8335 0.6841 -0.567 0.247 -0.511
44.975 762.66 -127.238 0.8462 0.6836 -0.234 0.219 -0.732
12.5231 659.407 -149.113 0.8345 0.9849 -0.563 0.268 -0.499
40.0994 763.065 -123.99 0.8335 0.6841 -0.567 0.247 -0.511
58.5649 856.283 -103.443 0.8213 0.4189 -0.556 0.224 -0.532
44.975 762.66 -127.238 0.8462 0.6836 -0.234 0.219 -0.732
