Vertex Count: 1008

Data:

2.8235 0.3111 22.8976 1.0879 0.2369 -0.732 -0.677 -0.084
2.8235 3.3111 22.8976 1.0938 0.2369 -0.709 0.701 -0.115
5.1024 2.8567 13.4441 1.0947 0.2668 -0.677 0.74 0.042
35.1681 17.0244 -44.9628 0.354 0.2876 0.606 0.535 -0.787
35.1681 17.0244 -42.7128 0.3542 0.2805 0.606 0.535 0.787
35.8143 3.0047 -44.9628 0.3853 0.2869 0.591 -0.567 -0.766
35.8143 3.0047 -44.9628 0.3853 0.2869 0.591 -0.567 -0.766
29.2453 3.0047 -44.9628 0.3855 0.301 0 -0.709 -0.945
35.1681 17.0244 -44.9628 0.354 0.2876 0.606 0.535 -0.787
35.8143 3.0047 -44.9628 0.3853 0.2869 0.591 -0.567 -0.766
35.8143 3.0047 -42.7128 0.3918 0.2866 0.591 -0.567 0.766
29.2453 3.0047 -44.9628 0.3855 0.301 0 -0.709 -0.945
29.2453 3.0047 -44.9628 0.3855 0.301 0 -0.709 -0.945
35.8143 3.0047 -42.7128 0.3918 0.2866 0.591 -0.567 0.766
29.2453 3.0047 -42.7128 0.3918 0.301 0 -0.709 0.945
-35.9904 3.0047 -44.9628 0.3848 0.4446 -0.575 -0.575 -0.766
29.2453 3.0047 -42.7128 0.3918 0.301 0 -0.709 0.945
-35.9904 3.0047 -42.7128 0.3918 0.4446 -0.575 -0.575 0.766
29.2453 3.0047 -44.9628 0.3855 0.301 0 -0.709 -0.945
29.2453 3.0047 -42.7128 0.3918 0.301 0 -0.709 0.945
-35.9904 3.0047 -44.9628 0.3848 0.4446 -0.575 -0.575 -0.766
-35.9904 3.0047 -44.9628 0.3848 0.4446 -0.575 -0.575 -0.766
-35.9904 3.0047 -42.7128 0.3848 0.4512 -0.575 -0.575 0.766
-35.9904 16.9375 -42.7128 0.354 0.4512 -0.583 0.575 0.766
-35.9904 16.9375 -42.7128 0.354 0.4512 -0.583 0.575 0.766
-35.9904 16.9375 -44.9628 0.3538 0.4443 -0.583 0.575 -0.766
-35.9904 3.0047 -44.9628 0.3848 0.4446 -0.575 -0.575 -0.766
-35.9904 16.9375 -44.9628 0.3538 0.4443 -0.583 0.575 -0.766
29.2453 3.0047 -44.9628 0.3855 0.301 0 -0.709 -0.945
-35.9904 3.0047 -44.9628 0.3848 0.4446 -0.575 -0.575 -0.766
29.2453 18.0047 -44.9628 0.353 0.3008 0.055 0.724 -0.913
35.1681 17.0244 -44.9628 0.354 0.2876 0.606 0.535 -0.787
29.2453 3.0047 -44.9628 0.3855 0.301 0 -0.709 -0.945
29.2453 18.0047 -44.9628 0.353 0.3008 0.055 0.724 -0.913
29.2453 3.0047 -44.9628 0.3855 0.301 0 -0.709 -0.945
-35.9904 16.9375 -44.9628 0.3538 0.4443 -0.583 0.575 -0.766
35.1681 17.0244 -44.9628 0.354 0.2876 0.606 0.535 -0.787
29.2453 18.0047 -44.9628 0.353 0.3008 0.055 0.724 -0.913
35.1681 17.0244 -42.7128 0.3462 0.2876 0.606 0.535 0.787
29.2453 18.0047 -44.9628 0.353 0.3008 0.055 0.724 -0.913
-35.9904 16.9375 -44.9628 0.3538 0.4443 -0.583 0.575 -0.766
29.2453 18.0047 -42.7128 0.3472 0.3008 0.055 0.724 0.913
29.2453 18.0047 -42.7128 0.3472 0.3008 0.055 0.724 0.913
35.1681 17.0244 -42.7128 0.3462 0.2876 0.606 0.535 0.787
29.2453 18.0047 -44.9628 0.353 0.3008 0.055 0.724 -0.913
-35.9904 16.9375 -42.7128 0.3469 0.4443 -0.583 0.575 0.766
29.2453 18.0047 -42.7128 0.3472 0.3008 0.055 0.724 0.913
-35.9904 16.9375 -44.9628 0.3538 0.4443 -0.583 0.575 -0.766
35.1681 17.0244 -42.7128 0.3462 0.2876 0.606 0.535 0.787
29.2453 18.0047 -42.7128 0.3472 0.3008 0.055 0.724 0.913
29.2453 3.0047 -42.7128 0.3145 0.3008 0 -0.709 0.945
29.2453 3.0047 -42.7128 0.3145 0.3008 0 -0.709 0.945
29.2453 18.0047 -42.7128 0.3472 0.3008 0.055 0.724 0.913
-35.9904 16.9375 -42.7128 0.3469 0.4443 -0.583 0.575 0.766
35.8143 3.0047 -42.7128 0.3149 0.2861 0.591 -0.567 0.766
35.1681 17.0244 -42.7128 0.3462 0.2876 0.606 0.535 0.787
29.2453 3.0047 -42.7128 0.3145 0.3008 0 -0.709 0.945
-35.9904 16.9375 -42.7128 0.3469 0.4443 -0.583 0.575 0.766
-35.9904 3.0047 -42.7128 0.3162 0.4446 -0.575 -0.575 0.766
29.2453 3.0047 -42.7128 0.3145 0.3008 0 -0.709 0.945
40.1465 19.5622 -45.4779 1.2129 0.4443 0.591 -0.567 -0.766
37.1466 19.5622 -45.4598 1.2129 0.4512 -0.559 -0.575 -0.798
37.1499 35.2787 -45.1459 1.1777 0.4512 -0.559 0.606 -0.756
40.1498 35.2787 -45.164 1.1787 0.4446 0.591 0.598 -0.714
40.1465 19.5622 -45.4779 1.2129 0.4443 0.591 -0.567 -0.766
37.1499 35.2787 -45.1459 1.1777 0.4512 -0.559 0.606 -0.756
40.1498 35.2787 -45.164 1.1787 0.4446 0.591 0.598 -0.714
38.2793 33.2805 -22.4752 1.1787 0.3774 0.709 0.709 0.052
40.1465 19.5622 -45.4779 1.2129 0.4443 0.591 -0.567 -0.766
37.1499 35.2787 -45.1459 1.1719 0.4443 -0.559 0.606 -0.756
38.2793 33.2805 -22.4752 1.1787 0.3774 0.709 0.709 0.052
40.1498 35.2787 -45.164 1.1787 0.4446 0.591 0.598 -0.714
38.2768 19.5622 -22.7101 1.21 0.3774 0.701 -0.717 0.021
40.1465 19.5622 -45.4779 1.2129 0.4443 0.591 -0.567 -0.766
38.2793 33.2805 -22.4752 1.1787 0.3774 0.709 0.709 0.052
40.1465 19.5622 -45.4779 1.2129 0.4443 0.591 -0.567 -0.766
38.2768 19.5622 -22.7101 1.21 0.3774 0.701 -0.717 0.021
37.1466 19.5622 -45.4598 1.2197 0.4438 -0.559 -0.575 -0.798
35.2769 19.5622 -22.692 1.2168 0.3772 -0.717 -0.701 -0.021
37.1466 19.5622 -45.4598 1.2197 0.4438 -0.559 -0.575 -0.798
38.2768 19.5622 -22.7101 1.21 0.3774 0.701 -0.717 0.021
38.2768 19.5622 -22.7101 1.21 0.3774 0.701 -0.717 0.021
39.0029 19.5622 44.993 1.2109 0.1788 0.583 -0.575 0.766
35.2769 19.5622 -22.692 1.2168 0.3772 -0.717 -0.701 -0.021
36.003 19.5622 45.0112 1.2168 0.1787 -0.575 -0.575 0.777
35.2769 19.5622 -22.692 1.2168 0.3772 -0.717 -0.701 -0.021
39.0029 19.5622 44.993 1.2109 0.1788 0.583 -0.575 0.766
38.2793 33.2805 -22.4752 1.1787 0.3774 0.709 0.709 0.052
39.0029 19.5622 44.993 1.2109 0.1788 0.583 -0.575 0.766
38.2768 19.5622 -22.7101 1.21 0.3774 0.701 -0.717 0.021
36.003 19.5622 45.0112 1.2109 0.1722 -0.575 -0.575 0.777
39.0029 19.5622 44.993 1.2109 0.1788 0.583 -0.575 0.766
36.003 34.5622 45.0112 1.1777 0.1722 -0.575 0.583 0.766
39.0029 34.5622 44.993 1.1777 0.179 0.583 0.583 0.756
36.003 34.5622 45.0112 1.1777 0.1722 -0.575 0.583 0.766
39.0029 19.5622 44.993 1.2109 0.1788 0.583 -0.575 0.766
39.0029 19.5622 44.993 1.2109 0.1788 0.583 -0.575 0.766
38.2793 33.2805 -22.4752 1.1787 0.3774 0.709 0.709 0.052
39.0029 34.5622 44.993 1.1777 0.179 0.583 0.583 0.756
35.2794 33.2805 -22.4571 1.1719 0.3772 -0.724 0.693 -0
39.0029 34.5622 44.993 1.1777 0.179 0.583 0.583 0.756
38.2793 33.2805 -22.4752 1.1787 0.3774 0.709 0.709 0.052
38.2793 33.2805 -22.4752 1.1787 0.3774 0.709 0.709 0.052
37.1499 35.2787 -45.1459 1.1719 0.4443 -0.559 0.606 -0.756
35.2794 33.2805 -22.4571 1.1719 0.3772 -0.724 0.693 -0
39.0029 34.5622 44.993 1.1777 0.179 0.583 0.583 0.756
35.2794 33.2805 -22.4571 1.1719 0.3772 -0.724 0.693 -0
36.003 34.5622 45.0112 1.1719 0.1788 -0.575 0.583 0.766
37.1499 35.2787 -45.1459 1.1719 0.4443 -0.559 0.606 -0.756
37.1466 19.5622 -45.4598 1.1377 0.4436 -0.559 -0.575 -0.798
35.2794 33.2805 -22.4571 1.1719 0.3772 -0.724 0.693 -0
36.003 34.5622 45.0112 1.1719 0.1788 -0.575 0.583 0.766
35.2794 33.2805 -22.4571 1.1719 0.3772 -0.724 0.693 -0
36.003 19.5622 45.0112 1.1396 0.1791 -0.575 -0.575 0.777
35.2769 19.5622 -22.692 1.1416 0.3772 -0.717 -0.701 -0.021
35.2794 33.2805 -22.4571 1.1719 0.3772 -0.724 0.693 -0
37.1466 19.5622 -45.4598 1.1377 0.4436 -0.559 -0.575 -0.798
35.2769 19.5622 -22.692 1.1416 0.3772 -0.717 -0.701 -0.021
36.003 19.5622 45.0112 1.1396 0.1791 -0.575 -0.575 0.777
35.2794 33.2805 -22.4571 1.1719 0.3772 -0.724 0.693 -0
39.0249 18.0304 45 1.0938 0.176 0.583 0.575 0.766
36.0249 18.0304 45 1.0938 0.1694 -0.567 0.591 0.766
36.0249 3.0304 45 1.127 0.1709 -0.575 -0.567 0.777
39.0249 3.0304 45 1.127 0.1775 0.575 -0.583 0.756
39.0249 18.0304 45 1.0938 0.176 0.583 0.575 0.766
36.0249 3.0304 45 1.127 0.1709 -0.575 -0.567 0.777
39.0249 18.0304 45 1.0938 0.176 0.583 0.575 0.766
39.0249 3.0304 45 1.127 0.1775 0.575 -0.583 0.756
39.0249 17.4587 24.2267 1.0938 0.2369 0.709 0.701 -0.126
36.0249 17.4587 24.2267 1.0879 0.2369 -0.669 0.74 -0.063
39.0249 18.0304 45 1.0938 0.176 0.583 0.575 0.766
39.0249 17.4587 24.2267 1.0938 0.2369 0.709 0.701 -0.126
39.0249 18.0304 45 1.0938 0.176 0.583 0.575 0.766
36.0249 17.4587 24.2267 1.0879 0.2369 -0.669 0.74 -0.063
36.0249 18.0304 45 1.0869 0.176 -0.567 0.591 0.766
36.0249 18.0304 45 1.0869 0.176 -0.567 0.591 0.766
36.0249 17.4587 24.2267 1.0879 0.2369 -0.669 0.74 -0.063
36.0249 3.0304 45 1.0547 0.1769 -0.575 -0.567 0.777
35.0122 3.0304 20.8178 1.0576 0.2479 -0.724 -0.693 0.01
36.0249 3.0304 45 1.0547 0.1769 -0.575 -0.567 0.777
36.0249 17.4587 24.2267 1.0879 0.2369 -0.669 0.74 -0.063
38.0122 3.0304 20.8178 1.124 0.2488 0.693 -0.724 -0.01
39.0249 17.4587 24.2267 1.0938 0.2369 0.709 0.701 -0.126
39.0249 3.0304 45 1.127 0.1775 0.575 -0.583 0.756
36.0249 3.0304 45 1.1338 0.178 -0.575 -0.567 0.777
38.0122 3.0304 20.8178 1.124 0.2488 0.693 -0.724 -0.01
39.0249 3.0304 45 1.127 0.1775 0.575 -0.583 0.756
38.0122 3.0304 20.8178 1.124 0.2488 0.693 -0.724 -0.01
36.0249 3.0304 45 1.1338 0.178 -0.575 -0.567 0.777
35.0122 3.0304 20.8178 1.1309 0.2489 -0.724 -0.693 0.01
35.0122 3.0304 20.8178 1.1309 0.2489 -0.724 -0.693 0.01
35.9493 3.0304 -41.002 1.1299 0.4299 -0.717 -0.701 -0.01
38.0122 3.0304 20.8178 1.124 0.2488 0.693 -0.724 -0.01
39.0249 17.4587 24.2267 1.0938 0.2369 0.709 0.701 -0.126
38.0122 15.1798 14.271 1.0947 0.2668 0.717 0.693 0.063
36.0249 17.4587 24.2267 1.0879 0.2369 -0.669 0.74 -0.063
38.0122 3.0304 20.8178 1.124 0.2488 0.693 -0.724 -0.01
38.0122 15.1798 14.271 1.0947 0.2668 0.717 0.693 0.063
39.0249 17.4587 24.2267 1.0938 0.2369 0.709 0.701 -0.126
36.0249 17.4587 24.2267 1.0879 0.2369 -0.669 0.74 -0.063
35.0122 15.1798 14.271 1.085 0.2668 -0.78 0.622 -0.042
35.0122 3.0304 20.8178 1.0576 0.2479 -0.724 -0.693 0.01
38.0122 15.1798 14.271 1.0947 0.2668 0.717 0.693 0.063
35.0122 15.1798 14.271 1.085 0.2668 -0.78 0.622 -0.042
36.0249 17.4587 24.2267 1.0879 0.2369 -0.669 0.74 -0.063
35.0122 3.0304 20.8178 1.0576 0.2479 -0.724 -0.693 0.01
35.0122 15.1798 14.271 1.085 0.2668 -0.78 0.622 -0.042
36.0249 17.3913 6.0968 1.0869 0.2915 -0.669 0.74 0.084
35.0122 15.1798 14.271 1.085 0.2668 -0.78 0.622 -0.042
38.0122 15.1798 14.271 1.0947 0.2668 0.717 0.693 0.063
36.0249 17.3913 6.0968 1.0869 0.2915 -0.669 0.74 0.084
36.0249 17.3913 6.0968 1.0869 0.2915 -0.669 0.74 0.084
35.9493 3.0304 -41.002 1.0518 0.429 -0.717 -0.701 -0.01
35.0122 3.0304 20.8178 1.0576 0.2479 -0.724 -0.693 0.01
39.0249 17.3913 6.0968 1.0918 0.2917 0.701 0.709 0.115
38.0122 15.1798 14.271 1.0947 0.2668 0.717 0.693 0.063
38.0122 3.0304 20.8178 1.124 0.2488 0.693 -0.724 -0.01
39.0249 17.3913 6.0968 1.0918 0.2917 0.701 0.709 0.115
36.0249 17.3913 6.0968 1.0869 0.2915 -0.669 0.74 0.084
38.0122 15.1798 14.271 1.0947 0.2668 0.717 0.693 0.063
38.9493 3.0304 -41.002 1.124 0.4302 0.701 -0.717 0.01
38.0122 3.0304 20.8178 1.124 0.2488 0.693 -0.724 -0.01
35.9493 3.0304 -41.002 1.1299 0.4299 -0.717 -0.701 -0.01
39.0249 17.3913 6.0968 1.0918 0.2917 0.701 0.709 0.115
38.0122 3.0304 20.8178 1.124 0.2488 0.693 -0.724 -0.01
38.9493 3.0304 -41.002 1.124 0.4302 0.701 -0.717 0.01
38.9493 3.0304 -41.002 1.124 0.4302 0.701 -0.717 0.01
35.9493 3.0304 -41.002 1.1299 0.4299 -0.717 -0.701 -0.01
36.0249 3.0304 -45.9869 1.1309 0.4443 -0.567 -0.543 -0.819
39.0249 3.0304 -45.9869 1.125 0.4448 0.575 -0.543 -0.819
38.9493 3.0304 -41.002 1.124 0.4302 0.701 -0.717 0.01
36.0249 3.0304 -45.9869 1.1309 0.4443 -0.567 -0.543 -0.819
39.0249 3.0304 -45.9869 1.125 0.4448 0.575 -0.543 -0.819
36.0249 3.0304 -45.9869 1.124 0.4514 -0.567 -0.543 -0.819
36.0249 18.9877 -44.5025 1.0889 0.4475 -0.567 0.685 -0.609
39.0249 18.9877 -44.5025 1.0898 0.4409 0.567 0.685 -0.598
39.0249 3.0304 -45.9869 1.125 0.4448 0.575 -0.543 -0.819
36.0249 18.9877 -44.5025 1.0889 0.4475 -0.567 0.685 -0.609
39.0249 3.0304 -45.9869 1.125 0.4448 0.575 -0.543 -0.819
39.0249 18.036 -42.1005 1.0918 0.4336 0.748 0.661 0.136
38.9493 3.0304 -41.002 1.124 0.4302 0.701 -0.717 0.01
39.0249 18.9877 -44.5025 1.0898 0.4409 0.567 0.685 -0.598
39.0249 18.036 -42.1005 1.0918 0.4336 0.748 0.661 0.136
39.0249 3.0304 -45.9869 1.125 0.4448 0.575 -0.543 -0.819
39.0249 18.036 -42.1005 1.0918 0.4336 0.748 0.661 0.136
39.0249 17.3913 6.0968 1.0918 0.2917 0.701 0.709 0.115
38.9493 3.0304 -41.002 1.124 0.4302 0.701 -0.717 0.01
39.0249 18.036 -42.1005 1.0918 0.4336 0.748 0.661 0.136
39.0249 18.9877 -44.5025 1.0898 0.4409 0.567 0.685 -0.598
36.0249 18.9877 -44.5025 1.085 0.4407 -0.567 0.685 -0.609
36.0249 18.036 -42.1005 1.085 0.4333 -0.732 0.669 0.126
39.0249 17.3913 6.0968 1.0918 0.2917 0.701 0.709 0.115
39.0249 18.036 -42.1005 1.0918 0.4336 0.748 0.661 0.136
39.0249 18.036 -42.1005 1.0918 0.4336 0.748 0.661 0.136
36.0249 18.9877 -44.5025 1.085 0.4407 -0.567 0.685 -0.609
36.0249 18.036 -42.1005 1.085 0.4333 -0.732 0.669 0.126
39.0249 17.3913 6.0968 1.0918 0.2917 0.701 0.709 0.115
36.0249 18.036 -42.1005 1.085 0.4333 -0.732 0.669 0.126
36.0249 17.3913 6.0968 1.0869 0.2915 -0.669 0.74 0.084
35.9493 3.0304 -41.002 1.0518 0.429 -0.717 -0.701 -0.01
36.0249 17.3913 6.0968 1.0869 0.2915 -0.669 0.74 0.084
36.0249 18.036 -42.1005 1.085 0.4333 -0.732 0.669 0.126
36.0249 18.9877 -44.5025 1.085 0.4407 -0.567 0.685 -0.609
36.0249 3.0304 -45.9869 1.0508 0.4434 -0.567 -0.543 -0.819
36.0249 18.036 -42.1005 1.085 0.4333 -0.732 0.669 0.126
35.9493 3.0304 -41.002 1.0518 0.429 -0.717 -0.701 -0.01
36.0249 18.036 -42.1005 1.085 0.4333 -0.732 0.669 0.126
36.0249 3.0304 -45.9869 1.0508 0.4434 -0.567 -0.543 -0.819
-29.6347 34.7318 -42.6679 0.2659 0.2654 0.772 0.543 -0.43
-35.9715 3.0255 -42.6679 0.2798 0.1956 -0.575 -0.575 -0.766
-35.9715 34.7318 -42.6679 0.2798 0.2654 -0.575 0.575 -0.766
-35.9715 3.0255 -42.6679 0.2798 0.1956 -0.575 -0.575 -0.766
-29.6347 34.7318 -42.6679 0.2659 0.2654 0.772 0.543 -0.43
-29.6347 3.0255 -42.6679 0.2659 0.1956 0.772 -0.543 -0.43
-35.9715 34.7318 -42.6679 0.2561 0.2751 -0.575 0.575 -0.766
-35.9715 34.7318 -37.9153 0.2462 0.2654 -0.323 0.543 1.029
-29.6347 34.7318 -42.6679 0.2659 0.2654 0.772 0.543 -0.43
-29.6347 3.0255 -42.6679 0.2659 0.1956 0.772 -0.543 -0.43
-29.6347 34.7318 -42.6679 0.2659 0.2654 0.772 0.543 -0.43
-35.9715 3.0255 -37.9153 0.2462 0.1956 -0.323 -0.543 1.029
-35.9715 34.7318 -37.9153 0.2462 0.2654 -0.323 0.543 1.029
-35.9715 3.0255 -37.9153 0.2462 0.1956 -0.323 -0.543 1.029
-29.6347 34.7318 -42.6679 0.2659 0.2654 0.772 0.543 -0.43
-35.9715 3.0255 -37.9153 0.2462 0.1956 -0.323 -0.543 1.029
-35.9715 3.0255 -42.6679 0.2561 0.1857 -0.575 -0.575 -0.766
-29.6347 3.0255 -42.6679 0.2659 0.1956 0.772 -0.543 -0.43
-35.9715 34.7318 -42.6679 0.2323 0.2654 -0.575 0.575 -0.766
-35.9715 3.0255 -37.9153 0.2462 0.1956 -0.323 -0.543 1.029
-35.9715 34.7318 -37.9153 0.2462 0.2654 -0.323 0.543 1.029
-35.9715 3.0255 -42.6679 0.2323 0.1956 -0.575 -0.575 -0.766
-35.9715 3.0255 -37.9153 0.2462 0.1956 -0.323 -0.543 1.029
-35.9715 34.7318 -42.6679 0.2323 0.2654 -0.575 0.575 -0.766
-29.6347 34.7318 42.668 1.2656 0.2654 0.772 0.543 0.43
-35.9715 34.7318 42.668 1.2793 0.2654 -0.575 0.575 0.766
-35.9715 3.0255 42.668 1.2793 0.1956 -0.575 -0.575 0.766
-29.6347 3.0255 42.668 1.2656 0.1956 0.772 -0.543 0.43
-29.6347 34.7318 42.668 1.2656 0.2654 0.772 0.543 0.43
-35.9715 3.0255 42.668 1.2793 0.1956 -0.575 -0.575 0.766
-35.9715 34.7318 37.9154 1.2461 0.2654 -0.323 0.543 -1.029
-35.9715 34.7318 42.668 1.2559 0.2751 -0.575 0.575 0.766
-29.6347 34.7318 42.668 1.2656 0.2654 0.772 0.543 0.43
-29.6347 3.0255 42.668 1.2656 0.1956 0.772 -0.543 0.43
-35.9715 3.0255 37.9154 1.2461 0.1956 -0.323 -0.543 -1.029
-29.6347 34.7318 42.668 1.2656 0.2654 0.772 0.543 0.43
-35.9715 34.7318 37.9154 1.2461 0.2654 -0.323 0.543 -1.029
-29.6347 34.7318 42.668 1.2656 0.2654 0.772 0.543 0.43
-35.9715 3.0255 37.9154 1.2461 0.1956 -0.323 -0.543 -1.029
-35.9715 3.0255 42.668 1.2559 0.1857 -0.575 -0.575 0.766
-35.9715 3.0255 37.9154 1.2461 0.1956 -0.323 -0.543 -1.029
-29.6347 3.0255 42.668 1.2656 0.1956 0.772 -0.543 0.43
-35.9715 34.7318 37.9154 1.2461 0.2654 -0.323 0.543 -1.029
-35.9715 3.0255 37.9154 1.2461 0.1956 -0.323 -0.543 -1.029
-35.9715 34.7318 42.668 1.2324 0.2654 -0.575 0.575 0.766
-35.9715 3.0255 42.668 1.2324 0.1956 -0.575 -0.575 0.766
-35.9715 34.7318 42.668 1.2324 0.2654 -0.575 0.575 0.766
-35.9715 3.0255 37.9154 1.2461 0.1956 -0.323 -0.543 -1.029
35.9715 3.0256 -37.9153 1.2461 0.1956 0.323 -0.543 1.029
35.9715 3.0256 -42.6679 1.2324 0.1956 0.575 -0.575 -0.766
35.9715 34.7318 -42.6679 1.2324 0.2654 0.575 0.575 -0.766
35.9715 34.7318 -42.6679 1.2324 0.2654 0.575 0.575 -0.766
35.9715 34.7318 -37.9153 1.2461 0.2654 0.323 0.543 1.029
35.9715 3.0256 -37.9153 1.2461 0.1956 0.323 -0.543 1.029
35.9715 3.0256 -42.6679 1.2559 0.1857 0.575 -0.575 -0.766
35.9715 3.0256 -37.9153 1.2461 0.1956 0.323 -0.543 1.029
29.6347 3.0256 -42.6679 1.2656 0.1956 -0.772 -0.543 -0.43
35.9715 34.7318 -37.9153 1.2461 0.2654 0.323 0.543 1.029
29.6347 34.7318 -42.6679 1.2656 0.2654 -0.772 0.543 -0.43
35.9715 3.0256 -37.9153 1.2461 0.1956 0.323 -0.543 1.029
29.6347 3.0256 -42.6679 1.2656 0.1956 -0.772 -0.543 -0.43
35.9715 3.0256 -37.9153 1.2461 0.1956 0.323 -0.543 1.029
29.6347 34.7318 -42.6679 1.2656 0.2654 -0.772 0.543 -0.43
35.9715 34.7318 -37.9153 1.2461 0.2654 0.323 0.543 1.029
35.9715 34.7318 -42.6679 1.2559 0.2751 0.575 0.575 -0.766
29.6347 34.7318 -42.6679 1.2656 0.2654 -0.772 0.543 -0.43
35.9715 3.0256 -42.6679 1.2793 0.1956 0.575 -0.575 -0.766
29.6347 3.0256 -42.6679 1.2656 0.1956 -0.772 -0.543 -0.43
29.6347 34.7318 -42.6679 1.2656 0.2654 -0.772 0.543 -0.43
35.9715 34.7318 -42.6679 1.2793 0.2654 0.575 0.575 -0.766
35.9715 3.0256 -42.6679 1.2793 0.1956 0.575 -0.575 -0.766
29.6347 34.7318 -42.6679 1.2656 0.2654 -0.772 0.543 -0.43
-18.5056 2.7451 -42.7606 1.1777 0.179 0.583 0.583 -0.756
-18.5056 -0.2544 -42.7992 1.1777 0.1722 0.583 -0.575 -0.766
-34.9573 -0.2544 -42.7992 1.2109 0.1722 -0.575 -0.575 -0.777
-34.9573 -0.2544 -42.7992 1.2109 0.1722 -0.575 -0.575 -0.777
-34.9573 2.7451 -42.7605 1.2109 0.1788 -0.575 0.583 -0.766
-18.5056 2.7451 -42.7606 1.1777 0.179 0.583 0.583 -0.756
-34.9573 -0.2544 -42.7992 1.2168 0.1787 -0.575 -0.575 -0.777
-34.9573 -0.0858 21.6251 1.2168 0.3772 -0.709 -0.709 -0
-34.9573 2.7451 -42.7605 1.2109 0.1788 -0.575 0.583 -0.766
-34.9573 2.9136 21.6638 1.21 0.3774 -0.709 0.709 -0
-34.9573 2.7451 -42.7605 1.2109 0.1788 -0.575 0.583 -0.766
-34.9573 -0.0858 21.6251 1.2168 0.3772 -0.709 -0.709 -0
-34.9573 -0.0858 21.6251 1.2168 0.3772 -0.709 -0.709 -0
-34.9573 -0.3868 42.9373 1.2197 0.4438 -0.575 -0.583 0.766
-34.9573 2.9136 21.6638 1.21 0.3774 -0.709 0.709 -0
-34.9573 2.6127 42.9759 1.2129 0.4443 -0.575 0.567 0.787
-34.9573 2.9136 21.6638 1.21 0.3774 -0.709 0.709 -0
-34.9573 -0.3868 42.9373 1.2197 0.4438 -0.575 -0.583 0.766
-19.9114 2.9195 21.4471 1.1787 0.3774 0.693 0.717 -0.021
-34.9573 2.7451 -42.7605 1.2109 0.1788 -0.575 0.583 -0.766
-34.9573 2.9136 21.6638 1.21 0.3774 -0.709 0.709 -0
-34.9573 2.7451 -42.7605 1.2109 0.1788 -0.575 0.583 -0.766
-19.9114 2.9195 21.4471 1.1787 0.3774 0.693 0.717 -0.021
-18.5056 2.7451 -42.7606 1.1777 0.179 0.583 0.583 -0.756
-34.9573 2.9136 21.6638 1.21 0.3774 -0.709 0.709 -0
-34.9573 2.6127 42.9759 1.2129 0.4443 -0.575 0.567 0.787
-19.9114 2.9195 21.4471 1.1787 0.3774 0.693 0.717 -0.021
-34.9573 -0.3868 42.9373 1.2129 0.4512 -0.575 -0.583 0.766
-17.7199 -0.379 42.6477 1.1777 0.4512 0.606 -0.583 0.724
-34.9573 2.6127 42.9759 1.2129 0.4443 -0.575 0.567 0.787
-17.7199 2.6205 42.6864 1.1787 0.4446 0.606 0.567 0.745
-34.9573 2.6127 42.9759 1.2129 0.4443 -0.575 0.567 0.787
-17.7199 -0.379 42.6477 1.1777 0.4512 0.606 -0.583 0.724
-17.7199 2.6205 42.6864 1.1787 0.4446 0.606 0.567 0.745
-19.9114 2.9195 21.4471 1.1787 0.3774 0.693 0.717 -0.021
-34.9573 2.6127 42.9759 1.2129 0.4443 -0.575 0.567 0.787
-17.7199 -0.379 42.6477 1.1719 0.4443 0.606 -0.583 0.724
-19.9114 2.9195 21.4471 1.1787 0.3774 0.693 0.717 -0.021
-17.7199 2.6205 42.6864 1.1787 0.4446 0.606 0.567 0.745
-19.9114 -0.08 21.4084 1.1719 0.3772 0.701 -0.717 -0.031
-18.5056 2.7451 -42.7606 1.1777 0.179 0.583 0.583 -0.756
-19.9114 2.9195 21.4471 1.1787 0.3774 0.693 0.717 -0.021
-19.9114 2.9195 21.4471 1.1787 0.3774 0.693 0.717 -0.021
-17.7199 -0.379 42.6477 1.1719 0.4443 0.606 -0.583 0.724
-19.9114 -0.08 21.4084 1.1719 0.3772 0.701 -0.717 -0.031
-18.5056 2.7451 -42.7606 1.1777 0.179 0.583 0.583 -0.756
-19.9114 -0.08 21.4084 1.1719 0.3772 0.701 -0.717 -0.031
-18.5056 -0.2544 -42.7992 1.1719 0.1788 0.583 -0.575 -0.766
-17.7199 -0.379 42.6477 1.1719 0.4443 0.606 -0.583 0.724
-34.9573 -0.3868 42.9373 1.1377 0.4436 -0.575 -0.583 0.766
-19.9114 -0.08 21.4084 1.1719 0.3772 0.701 -0.717 -0.031
-18.5056 -0.2544 -42.7992 1.1719 0.1788 0.583 -0.575 -0.766
-19.9114 -0.08 21.4084 1.1719 0.3772 0.701 -0.717 -0.031
-34.9573 -0.2544 -42.7992 1.1396 0.1791 -0.575 -0.575 -0.777
-34.9573 -0.0858 21.6251 1.1416 0.3772 -0.709 -0.709 -0
-19.9114 -0.08 21.4084 1.1719 0.3772 0.701 -0.717 -0.031
-34.9573 -0.3868 42.9373 1.1377 0.4436 -0.575 -0.583 0.766
-34.9573 -0.0858 21.6251 1.1416 0.3772 -0.709 -0.709 -0
-34.9573 -0.2544 -42.7992 1.1396 0.1791 -0.575 -0.575 -0.777
-19.9114 -0.08 21.4084 1.1719 0.3772 0.701 -0.717 -0.031
-0.1125 2.6127 -42.9305 1.2129 0.4443 0.575 0.567 -0.787
-0.1125 -0.3868 -42.8918 1.2129 0.4512 0.575 -0.583 -0.766
-17.3499 -0.379 -42.6023 1.1777 0.4512 -0.606 -0.583 -0.724
-17.3499 -0.379 -42.6023 1.1777 0.4512 -0.606 -0.583 -0.724
-17.3499 2.6205 -42.641 1.1787 0.4446 -0.606 0.567 -0.745
-0.1125 2.6127 -42.9305 1.2129 0.4443 0.575 0.567 -0.787
-17.3499 2.6205 -42.641 1.1787 0.4446 -0.606 0.567 -0.745
-15.1584 2.9195 -21.4016 1.1787 0.3774 -0.693 0.717 0.021
-0.1125 2.6127 -42.9305 1.2129 0.4443 0.575 0.567 -0.787
-17.3499 2.6205 -42.641 1.1787 0.4446 -0.606 0.567 -0.745
-17.3499 -0.379 -42.6023 1.1719 0.4443 -0.606 -0.583 -0.724
-15.1584 2.9195 -21.4016 1.1787 0.3774 -0.693 0.717 0.021
-0.1125 2.9136 -21.6183 1.21 0.3774 0.709 0.709 -0
-0.1125 2.6127 -42.9305 1.2129 0.4443 0.575 0.567 -0.787
-15.1584 2.9195 -21.4016 1.1787 0.3774 -0.693 0.717 0.021
-0.1125 2.6127 -42.9305 1.2129 0.4443 0.575 0.567 -0.787
-0.1125 2.9136 -21.6183 1.21 0.3774 0.709 0.709 -0
-0.1125 -0.3868 -42.8918 1.2197 0.4438 0.575 -0.583 -0.766
-0.1125 -0.0858 -21.5797 1.2168 0.3772 0.709 -0.709 -0
-0.1125 -0.3868 -42.8918 1.2197 0.4438 0.575 -0.583 -0.766
-0.1125 2.9136 -21.6183 1.21 0.3774 0.709 0.709 -0
-0.1125 2.9136 -21.6183 1.21 0.3774 0.709 0.709 -0
-0.1125 2.7451 42.806 1.2109 0.1788 0.575 0.583 0.766
-0.1125 -0.0858 -21.5797 1.2168 0.3772 0.709 -0.709 -0
-0.1125 -0.2544 42.8446 1.2168 0.1787 0.575 -0.575 0.777
-0.1125 -0.0858 -21.5797 1.2168 0.3772 0.709 -0.709 -0
-0.1125 2.7451 42.806 1.2109 0.1788 0.575 0.583 0.766
-0.1125 2.9136 -21.6183 1.21 0.3774 0.709 0.709 -0
-15.1584 2.9195 -21.4016 1.1787 0.3774 -0.693 0.717 0.021
-0.1125 2.7451 42.806 1.2109 0.1788 0.575 0.583 0.766
-0.1125 -0.2544 42.8446 1.2109 0.1722 0.575 -0.575 0.777
-0.1125 2.7451 42.806 1.2109 0.1788 0.575 0.583 0.766
-16.5642 -0.2544 42.8447 1.1777 0.1722 -0.583 -0.575 0.766
-16.5642 2.7451 42.806 1.1777 0.179 -0.583 0.583 0.756
-16.5642 -0.2544 42.8447 1.1777 0.1722 -0.583 -0.575 0.766
-0.1125 2.7451 42.806 1.2109 0.1788 0.575 0.583 0.766
-16.5642 2.7451 42.806 1.1777 0.179 -0.583 0.583 0.756
-0.1125 2.7451 42.806 1.2109 0.1788 0.575 0.583 0.766
-15.1584 2.9195 -21.4016 1.1787 0.3774 -0.693 0.717 0.021
-15.1584 2.9195 -21.4016 1.1787 0.3774 -0.693 0.717 0.021
-15.1584 -0.08 -21.363 1.1719 0.3772 -0.701 -0.717 0.031
-16.5642 2.7451 42.806 1.1777 0.179 -0.583 0.583 0.756
-15.1584 -0.08 -21.363 1.1719 0.3772 -0.701 -0.717 0.031
-15.1584 2.9195 -21.4016 1.1787 0.3774 -0.693 0.717 0.021
-17.3499 -0.379 -42.6023 1.1719 0.4443 -0.606 -0.583 -0.724
-16.5642 -0.2544 42.8447 1.1719 0.1788 -0.583 -0.575 0.766
-16.5642 2.7451 42.806 1.1777 0.179 -0.583 0.583 0.756
-15.1584 -0.08 -21.363 1.1719 0.3772 -0.701 -0.717 0.031
-17.3499 -0.379 -42.6023 1.1719 0.4443 -0.606 -0.583 -0.724
-0.1125 -0.3868 -42.8918 1.1377 0.4436 0.575 -0.583 -0.766
-15.1584 -0.08 -21.363 1.1719 0.3772 -0.701 -0.717 0.031
-16.5642 -0.2544 42.8447 1.1719 0.1788 -0.583 -0.575 0.766
-15.1584 -0.08 -21.363 1.1719 0.3772 -0.701 -0.717 0.031
-0.1125 -0.2544 42.8446 1.1396 0.1791 0.575 -0.575 0.777
-0.1125 -0.0858 -21.5797 1.1416 0.3772 0.709 -0.709 -0
-15.1584 -0.08 -21.363 1.1719 0.3772 -0.701 -0.717 0.031
-0.1125 -0.3868 -42.8918 1.1377 0.4436 0.575 -0.583 -0.766
-0.1125 -0.0858 -21.5797 1.1416 0.3772 0.709 -0.709 -0
-0.1125 -0.2544 42.8446 1.1396 0.1791 0.575 -0.575 0.777
-15.1584 -0.08 -21.363 1.1719 0.3772 -0.701 -0.717 0.031
17.2518 3.3111 -44.3164 1.125 0.4448 0.543 0.575 -0.819
17.2518 0.3111 -44.3164 1.124 0.4514 0.543 -0.567 -0.819
1.2944 0.3111 -42.9069 1.0889 0.4475 -0.677 -0.567 -0.619
1.2944 0.3111 -42.9069 1.0889 0.4475 -0.677 -0.567 -0.619
1.2944 3.3111 -42.9069 1.0898 0.4409 -0.677 0.575 -0.619
17.2518 3.3111 -44.3164 1.125 0.4448 0.543 0.575 -0.819
2.2462 3.3111 -40.0837 1.0918 0.4336 -0.669 0.74 0.126
17.2518 3.3111 -44.3164 1.125 0.4448 0.543 0.575 -0.819
1.2944 3.3111 -42.9069 1.0898 0.4409 -0.677 0.575 -0.619
1.2944 3.3111 -42.9069 1.0898 0.4409 -0.677 0.575 -0.619
1.2944 0.3111 -42.9069 1.085 0.4407 -0.677 -0.567 -0.619
2.2462 3.3111 -40.0837 1.0918 0.4336 -0.669 0.74 0.126
2.2462 3.3111 -40.0837 1.0918 0.4336 -0.669 0.74 0.126
17.2517 3.2355 -39.0406 1.124 0.4302 0.709 0.701 -0
17.2518 3.3111 -44.3164 1.125 0.4448 0.543 0.575 -0.819
17.2518 3.3111 -44.3164 1.125 0.4448 0.543 0.575 -0.819
17.2517 3.2355 -39.0406 1.124 0.4302 0.709 0.701 -0
17.2518 0.3111 -44.3164 1.1309 0.4443 0.543 -0.567 -0.819
17.2517 3.2355 -39.0406 1.124 0.4302 0.709 0.701 -0
17.2518 0.2355 -39.0406 1.1299 0.4299 0.701 -0.709 -0
17.2518 0.3111 -44.3164 1.1309 0.4443 0.543 -0.567 -0.819
2.2462 0.3111 -40.0837 1.085 0.4333 -0.677 -0.732 0.115
2.2462 3.3111 -40.0837 1.0918 0.4336 -0.669 0.74 0.126
1.2944 0.3111 -42.9069 1.085 0.4407 -0.677 -0.567 -0.619
1.2944 0.3111 -42.9069 1.085 0.4407 -0.677 -0.567 -0.619
17.2518 0.3111 -44.3164 1.0508 0.4434 0.543 -0.567 -0.819
2.2462 0.3111 -40.0837 1.085 0.4333 -0.677 -0.732 0.115
17.2518 0.2355 -39.0406 1.0518 0.429 0.701 -0.709 -0
2.2462 0.3111 -40.0837 1.085 0.4333 -0.677 -0.732 0.115
17.2518 0.3111 -44.3164 1.0508 0.4434 0.543 -0.567 -0.819
17.2518 0.2355 -39.0406 1.0518 0.429 0.701 -0.709 -0
2.8909 0.3111 5.6823 1.0869 0.2915 -0.732 -0.677 0.094
2.2462 0.3111 -40.0837 1.085 0.4333 -0.677 -0.732 0.115
2.2462 0.3111 -40.0837 1.085 0.4333 -0.677 -0.732 0.115
2.8909 0.3111 5.6823 1.0869 0.2915 -0.732 -0.677 0.094
2.2462 3.3111 -40.0837 1.0918 0.4336 -0.669 0.74 0.126
2.8909 0.3111 5.6823 1.0869 0.2915 -0.732 -0.677 0.094
17.2518 0.2355 -39.0406 1.0518 0.429 0.701 -0.709 -0
17.2517 -0.1433 19.6607 1.0576 0.2479 0.701 -0.717 0.01
17.2517 3.2355 -39.0406 1.124 0.4302 0.709 0.701 -0
2.2462 3.3111 -40.0837 1.0918 0.4336 -0.669 0.74 0.126
2.8909 3.3111 5.6823 1.0918 0.2917 -0.717 0.693 0.115
2.8909 3.3111 5.6823 1.0918 0.2917 -0.717 0.693 0.115
2.2462 3.3111 -40.0837 1.0918 0.4336 -0.669 0.74 0.126
2.8909 0.3111 5.6823 1.0869 0.2915 -0.732 -0.677 0.094
17.2517 3.2355 -39.0406 1.124 0.4302 0.709 0.701 -0
17.2517 2.8567 19.6607 1.124 0.2488 0.717 0.701 -0.01
17.2518 0.2355 -39.0406 1.1299 0.4299 0.701 -0.709 -0
2.8909 3.3111 5.6823 1.0918 0.2917 -0.717 0.693 0.115
17.2517 2.8567 19.6607 1.124 0.2488 0.717 0.701 -0.01
17.2517 3.2355 -39.0406 1.124 0.4302 0.709 0.701 -0
17.2517 -0.1433 19.6607 1.1309 0.2489 0.701 -0.717 0.01
17.2518 0.2355 -39.0406 1.1299 0.4299 0.701 -0.709 -0
17.2517 2.8567 19.6607 1.124 0.2488 0.717 0.701 -0.01
17.2517 2.8567 19.6607 1.124 0.2488 0.717 0.701 -0.01
17.2517 0.3111 42.8945 1.1338 0.178 0.575 -0.575 0.777
17.2517 -0.1433 19.6607 1.1309 0.2489 0.701 -0.717 0.01
17.2517 0.3111 42.8945 1.1338 0.178 0.575 -0.575 0.777
17.2517 2.8567 19.6607 1.124 0.2488 0.717 0.701 -0.01
17.2517 3.3111 42.8945 1.127 0.1775 0.583 0.575 0.766
17.2517 0.3111 42.8945 1.127 0.1709 0.575 -0.575 0.777
17.2517 3.3111 42.8945 1.127 0.1775 0.583 0.575 0.766
2.2517 0.3111 42.8945 1.0938 0.1694 -0.591 -0.575 0.766
2.2517 3.3111 42.8945 1.0938 0.176 -0.583 0.583 0.766
2.2517 0.3111 42.8945 1.0938 0.1694 -0.591 -0.575 0.766
17.2517 3.3111 42.8945 1.127 0.1775 0.583 0.575 0.766
17.2517 2.8567 19.6607 1.124 0.2488 0.717 0.701 -0.01
2.8235 3.3111 22.8976 1.0938 0.2369 -0.709 0.701 -0.115
17.2517 3.3111 42.8945 1.127 0.1775 0.583 0.575 0.766
2.2517 3.3111 42.8945 1.0938 0.176 -0.583 0.583 0.766
17.2517 3.3111 42.8945 1.127 0.1775 0.583 0.575 0.766
2.8235 3.3111 22.8976 1.0938 0.2369 -0.709 0.701 -0.115
2.8909 3.3111 5.6823 1.0918 0.2917 -0.717 0.693 0.115
5.1024 2.8567 13.4441 1.0947 0.2668 -0.677 0.74 0.042
17.2517 2.8567 19.6607 1.124 0.2488 0.717 0.701 -0.01
17.2517 2.8567 19.6607 1.124 0.2488 0.717 0.701 -0.01
5.1024 2.8567 13.4441 1.0947 0.2668 -0.677 0.74 0.042
2.8235 3.3111 22.8976 1.0938 0.2369 -0.709 0.701 -0.115
2.8909 3.3111 5.6823 1.0918 0.2917 -0.717 0.693 0.115
2.8909 0.3111 5.6823 1.0869 0.2915 -0.732 -0.677 0.094
5.1024 2.8567 13.4441 1.0947 0.2668 -0.677 0.74 0.042
2.8235 3.3111 22.8976 1.0938 0.2369 -0.709 0.701 -0.115
2.8235 0.3111 22.8976 1.0879 0.2369 -0.732 -0.677 -0.084
2.2517 3.3111 42.8945 1.0938 0.176 -0.583 0.583 0.766
35.8143 3.0047 -42.7128 0.3853 0.2805 0.591 -0.567 0.766
35.8143 3.0047 -44.9628 0.3853 0.2869 0.591 -0.567 -0.766
35.1681 17.0244 -42.7128 0.3542 0.2805 0.606 0.535 0.787
2.2517 0.3111 42.8945 1.0869 0.176 -0.591 -0.575 0.766
2.2517 3.3111 42.8945 1.0938 0.176 -0.583 0.583 0.766
2.8235 0.3111 22.8976 1.0879 0.2369 -0.732 -0.677 -0.084
2.2517 0.3111 42.8945 1.0869 0.176 -0.591 -0.575 0.766
2.8235 0.3111 22.8976 1.0879 0.2369 -0.732 -0.677 -0.084
17.2517 0.3111 42.8945 1.0547 0.1769 0.575 -0.575 0.777
17.2517 -0.1433 19.6607 1.0576 0.2479 0.701 -0.717 0.01
17.2517 0.3111 42.8945 1.0547 0.1769 0.575 -0.575 0.777
2.8235 0.3111 22.8976 1.0879 0.2369 -0.732 -0.677 -0.084
5.1024 -0.1433 13.4441 1.085 0.2668 -0.638 -0.764 -0.01
5.1024 2.8567 13.4441 1.0947 0.2668 -0.677 0.74 0.042
2.8909 0.3111 5.6823 1.0869 0.2915 -0.732 -0.677 0.094
5.1024 -0.1433 13.4441 1.085 0.2668 -0.638 -0.764 -0.01
2.8235 0.3111 22.8976 1.0879 0.2369 -0.732 -0.677 -0.084
5.1024 2.8567 13.4441 1.0947 0.2668 -0.677 0.74 0.042
17.2517 -0.1433 19.6607 1.0576 0.2479 0.701 -0.717 0.01
5.1024 -0.1433 13.4441 1.085 0.2668 -0.638 -0.764 -0.01
2.8909 0.3111 5.6823 1.0869 0.2915 -0.732 -0.677 0.094
2.8235 0.3111 22.8976 1.0879 0.2369 -0.732 -0.677 -0.084
5.1024 -0.1433 13.4441 1.085 0.2668 -0.638 -0.764 -0.01
17.2517 -0.1433 19.6607 1.0576 0.2479 0.701 -0.717 0.01
19.0855 2.6127 -42.697 1.2129 0.4443 -0.583 0.567 -0.777
36.3276 -0.379 -42.5636 1.1777 0.4512 0.598 -0.583 -0.735
19.0863 -0.3868 -42.6584 1.2129 0.4512 -0.583 -0.583 -0.756
36.3268 2.6205 -42.6022 1.1787 0.4446 0.598 0.567 -0.756
36.3276 -0.379 -42.5636 1.1777 0.4512 0.598 -0.583 -0.735
19.0855 2.6127 -42.697 1.2129 0.4443 -0.583 0.567 -0.777
36.3268 2.6205 -42.6022 1.1787 0.4446 0.598 0.567 -0.756
19.0855 2.6127 -42.697 1.2129 0.4443 -0.583 0.567 -0.777
34.562 2.9195 -21.3405 1.1787 0.3774 0.693 0.717 0.01
36.3268 2.6205 -42.6022 1.1787 0.4446 0.598 0.567 -0.756
34.562 2.9195 -21.3405 1.1787 0.3774 0.693 0.717 0.01
36.3276 -0.379 -42.5636 1.1719 0.4443 0.598 -0.583 -0.735
19.5135 2.9136 -21.3873 1.21 0.3774 -0.709 0.709 0.01
34.562 2.9195 -21.3405 1.1787 0.3774 0.693 0.717 0.01
19.0855 2.6127 -42.697 1.2129 0.4443 -0.583 0.567 -0.777
19.0855 2.6127 -42.697 1.2129 0.4443 -0.583 0.567 -0.777
19.0863 -0.3868 -42.6584 1.2197 0.4438 -0.583 -0.583 -0.756
19.5135 2.9136 -21.3873 1.21 0.3774 -0.709 0.709 0.01
19.5142 -0.0858 -21.3486 1.2168 0.3772 -0.709 -0.709 0.021
19.5135 2.9136 -21.3873 1.21 0.3774 -0.709 0.709 0.01
19.0863 -0.3868 -42.6584 1.2197 0.4438 -0.583 -0.583 -0.756
19.5135 2.9136 -21.3873 1.21 0.3774 -0.709 0.709 0.01
19.5142 -0.0858 -21.3486 1.2168 0.3772 -0.709 -0.709 0.021
20.8071 2.7451 43.0297 1.2109 0.1788 -0.567 0.583 0.777
20.8078 -0.2544 43.0684 1.2168 0.1787 -0.567 -0.575 0.787
20.8071 2.7451 43.0297 1.2109 0.1788 -0.567 0.583 0.777
19.5142 -0.0858 -21.3486 1.2168 0.3772 -0.709 -0.709 0.021
34.562 2.9195 -21.3405 1.1787 0.3774 0.693 0.717 0.01
19.5135 2.9136 -21.3873 1.21 0.3774 -0.709 0.709 0.01
20.8071 2.7451 43.0297 1.2109 0.1788 -0.567 0.583 0.777
37.2568 2.7451 42.8439 1.1777 0.179 0.591 0.583 0.745
34.562 2.9195 -21.3405 1.1787 0.3774 0.693 0.717 0.01
20.8071 2.7451 43.0297 1.2109 0.1788 -0.567 0.583 0.777
20.8078 -0.2544 43.0684 1.2109 0.1722 -0.567 -0.575 0.787
37.2568 2.7451 42.8439 1.1777 0.179 0.591 0.583 0.745
20.8071 2.7451 43.0297 1.2109 0.1788 -0.567 0.583 0.777
37.2576 -0.2544 42.8826 1.1777 0.1722 0.591 -0.575 0.756
37.2568 2.7451 42.8439 1.1777 0.179 0.591 0.583 0.745
20.8078 -0.2544 43.0684 1.2109 0.1722 -0.567 -0.575 0.787
34.562 2.9195 -21.3405 1.1787 0.3774 0.693 0.717 0.01
37.2568 2.7451 42.8439 1.1777 0.179 0.591 0.583 0.745
34.5628 -0.08 -21.3019 1.1719 0.3772 0.701 -0.717 0.021
34.562 2.9195 -21.3405 1.1787 0.3774 0.693 0.717 0.01
34.5628 -0.08 -21.3019 1.1719 0.3772 0.701 -0.717 0.021
36.3276 -0.379 -42.5636 1.1719 0.4443 0.598 -0.583 -0.735
37.2568 2.7451 42.8439 1.1777 0.179 0.591 0.583 0.745
37.2576 -0.2544 42.8826 1.1719 0.1788 0.591 -0.575 0.756
34.5628 -0.08 -21.3019 1.1719 0.3772 0.701 -0.717 0.021
36.3276 -0.379 -42.5636 1.1719 0.4443 0.598 -0.583 -0.735
34.5628 -0.08 -21.3019 1.1719 0.3772 0.701 -0.717 0.021
19.0863 -0.3868 -42.6584 1.1377 0.4436 -0.583 -0.583 -0.756
37.2576 -0.2544 42.8826 1.1719 0.1788 0.591 -0.575 0.756
20.8078 -0.2544 43.0684 1.1396 0.1791 -0.567 -0.575 0.787
34.5628 -0.08 -21.3019 1.1719 0.3772 0.701 -0.717 0.021
19.5142 -0.0858 -21.3486 1.1416 0.3772 -0.709 -0.709 0.021
19.0863 -0.3868 -42.6584 1.1377 0.4436 -0.583 -0.583 -0.756
34.5628 -0.08 -21.3019 1.1719 0.3772 0.701 -0.717 0.021
19.5142 -0.0858 -21.3486 1.1416 0.3772 -0.709 -0.709 0.021
34.5628 -0.08 -21.3019 1.1719 0.3772 0.701 -0.717 0.021
20.8078 -0.2544 43.0684 1.1396 0.1791 -0.567 -0.575 0.787
-36.3119 3.0047 -45.0204 0.2113 0.1722 0.567 -0.575 -0.787
-39.3114 3.0047 -44.9785 0.2111 0.1788 -0.591 -0.575 -0.756
-36.3119 18.0047 -45.0204 0.1783 0.1722 0.567 0.583 -0.777
-39.3114 18.0047 -44.9785 0.1786 0.179 -0.591 0.583 -0.745
-36.3119 18.0047 -45.0204 0.1783 0.1722 0.567 0.583 -0.777
-39.3114 3.0047 -44.9785 0.2111 0.1788 -0.591 -0.575 -0.756
-39.3114 18.0047 -44.9785 0.1786 0.179 -0.591 0.583 -0.745
-39.3114 3.0047 -44.9785 0.2111 0.1788 -0.591 -0.575 -0.756
-37.6364 16.723 22.4802 0.1796 0.3772 -0.709 0.709 -0.042
-39.3114 18.0047 -44.9785 0.1786 0.179 -0.591 0.583 -0.745
-37.6364 16.723 22.4802 0.1796 0.3772 -0.709 0.709 -0.042
-36.3119 18.0047 -45.0204 0.1725 0.1788 0.567 0.583 -0.777
-37.6306 3.0047 22.715 0.2103 0.3774 -0.701 -0.717 -0.01
-37.6364 16.723 22.4802 0.1796 0.3772 -0.709 0.709 -0.042
-39.3114 3.0047 -44.9785 0.2111 0.1788 -0.591 -0.575 -0.756
-39.3114 3.0047 -44.9785 0.2111 0.1788 -0.591 -0.575 -0.756
-36.3119 3.0047 -45.0204 0.2173 0.1787 0.567 -0.575 -0.787
-37.6306 3.0047 22.715 0.2103 0.3774 -0.701 -0.717 -0.01
-34.6311 3.0047 22.6731 0.2172 0.3772 0.717 -0.701 0.021
-37.6306 3.0047 22.715 0.2103 0.3774 -0.701 -0.717 -0.01
-36.3119 3.0047 -45.0204 0.2173 0.1787 0.567 -0.575 -0.787
-34.6311 3.0047 22.6731 0.2172 0.3772 0.717 -0.701 0.021
-36.1795 3.0047 45.4545 0.2196 0.4438 0.567 -0.575 0.787
-37.6306 3.0047 22.715 0.2103 0.3774 -0.701 -0.717 -0.01
-39.179 3.0047 45.4964 0.2131 0.4443 -0.591 -0.567 0.766
-37.6306 3.0047 22.715 0.2103 0.3774 -0.701 -0.717 -0.01
-36.1795 3.0047 45.4545 0.2196 0.4438 0.567 -0.575 0.787
-37.6306 3.0047 22.715 0.2103 0.3774 -0.701 -0.717 -0.01
-39.179 3.0047 45.4964 0.2131 0.4443 -0.591 -0.567 0.766
-37.6364 16.723 22.4802 0.1796 0.3772 -0.709 0.709 -0.042
-36.1795 3.0047 45.4545 0.2131 0.4509 0.567 -0.575 0.787
-36.1873 18.7211 45.1407 0.1786 0.4509 0.567 0.606 0.745
-39.179 3.0047 45.4964 0.2131 0.4443 -0.591 -0.567 0.766
-36.1873 18.7211 45.1407 0.1786 0.4509 0.567 0.606 0.745
-39.1868 18.7211 45.1826 0.1786 0.4443 -0.583 0.598 0.724
-39.179 3.0047 45.4964 0.2131 0.4443 -0.591 -0.567 0.766
-39.1868 18.7211 45.1826 0.1786 0.4443 -0.583 0.598 0.724
-37.6364 16.723 22.4802 0.1796 0.3772 -0.709 0.709 -0.042
-39.179 3.0047 45.4964 0.2131 0.4443 -0.591 -0.567 0.766
-39.1868 18.7211 45.1826 0.1786 0.4443 -0.583 0.598 0.724
-36.1873 18.7211 45.1407 0.1726 0.4441 0.567 0.606 0.745
-37.6364 16.723 22.4802 0.1796 0.3772 -0.709 0.709 -0.042
-34.6369 16.723 22.4383 0.1724 0.377 0.724 0.693 -0.01
-37.6364 16.723 22.4802 0.1796 0.3772 -0.709 0.709 -0.042
-36.1873 18.7211 45.1407 0.1726 0.4441 0.567 0.606 0.745
-34.6369 16.723 22.4383 0.1724 0.377 0.724 0.693 -0.01
-36.3119 18.0047 -45.0204 0.1725 0.1788 0.567 0.583 -0.777
-37.6364 16.723 22.4802 0.1796 0.3772 -0.709 0.709 -0.042
-36.1873 18.7211 45.1407 0.1726 0.4441 0.567 0.606 0.745
-36.1795 3.0047 45.4545 0.1383 0.4434 0.567 -0.575 0.787
-34.6369 16.723 22.4383 0.1724 0.377 0.724 0.693 -0.01
-36.3119 18.0047 -45.0204 0.1725 0.1788 0.567 0.583 -0.777
-34.6369 16.723 22.4383 0.1724 0.377 0.724 0.693 -0.01
-36.3119 3.0047 -45.0204 0.1396 0.179 0.567 -0.575 -0.787
-34.6311 3.0047 22.6731 0.142 0.377 0.717 -0.701 0.021
-34.6369 16.723 22.4383 0.1724 0.377 0.724 0.693 -0.01
-36.1795 3.0047 45.4545 0.1383 0.4434 0.567 -0.575 0.787
-34.6311 3.0047 22.6731 0.142 0.377 0.717 -0.701 0.021
-36.3119 3.0047 -45.0204 0.1396 0.179 0.567 -0.575 -0.787
-34.6369 16.723 22.4383 0.1724 0.377 0.724 0.693 -0.01
-36.0249 34.6714 -45 0.0947 0.1694 0.567 0.591 -0.766
-36.0249 19.6714 -45 0.1276 0.1709 0.575 -0.567 -0.777
-39.0249 34.6714 -45 0.0944 0.176 -0.583 0.575 -0.766
-36.0249 19.6714 -45 0.1276 0.1709 0.575 -0.567 -0.777
-39.0249 19.6714 -45 0.1273 0.1775 -0.575 -0.583 -0.756
-39.0249 34.6714 -45 0.0944 0.176 -0.583 0.575 -0.766
-39.0249 34.6714 -45 0.0944 0.176 -0.583 0.575 -0.766
-39.0249 19.6714 -45 0.1273 0.1775 -0.575 -0.583 -0.756
-39.0249 34.0997 -24.2267 0.0938 0.2369 -0.709 0.701 0.126
-39.0249 34.0997 -24.2267 0.0938 0.2369 -0.709 0.701 0.126
-36.0249 34.0997 -24.2267 0.088 0.2369 0.669 0.74 0.063
-39.0249 34.6714 -45 0.0944 0.176 -0.583 0.575 -0.766
-36.0249 34.6714 -45 0.0876 0.1759 0.567 0.591 -0.766
-39.0249 34.6714 -45 0.0944 0.176 -0.583 0.575 -0.766
-36.0249 34.0997 -24.2267 0.088 0.2369 0.669 0.74 0.063
-36.0249 34.6714 -45 0.0876 0.1759 0.567 0.591 -0.766
-36.0249 34.0997 -24.2267 0.088 0.2369 0.669 0.74 0.063
-36.0249 19.6714 -45 0.0547 0.1769 0.575 -0.567 -0.777
-35.0122 19.6714 -20.8178 0.0577 0.2479 0.724 -0.693 -0.01
-36.0249 19.6714 -45 0.0547 0.1769 0.575 -0.567 -0.777
-36.0249 34.0997 -24.2267 0.088 0.2369 0.669 0.74 0.063
-38.0122 19.6714 -20.8178 0.1244 0.2487 -0.693 -0.724 0.01
-39.0249 34.0997 -24.2267 0.0938 0.2369 -0.709 0.701 0.126
-39.0249 19.6714 -45 0.1273 0.1775 -0.575 -0.583 -0.756
-39.0249 19.6714 -45 0.1273 0.1775 -0.575 -0.583 -0.756
-36.0249 19.6714 -45 0.1339 0.178 0.575 -0.567 -0.777
-38.0122 19.6714 -20.8178 0.1244 0.2487 -0.693 -0.724 0.01
-35.0122 19.6714 -20.8178 0.1316 0.2488 0.724 -0.693 -0.01
-38.0122 19.6714 -20.8178 0.1244 0.2487 -0.693 -0.724 0.01
-36.0249 19.6714 -45 0.1339 0.178 0.575 -0.567 -0.777
-35.0122 19.6714 -20.8178 0.1316 0.2488 0.724 -0.693 -0.01
-35.9494 19.6714 41.002 0.1301 0.4299 0.717 -0.701 0.01
-38.0122 19.6714 -20.8178 0.1244 0.2487 -0.693 -0.724 0.01
-36.0249 34.0997 -24.2267 0.088 0.2369 0.669 0.74 0.063
-39.0249 34.0997 -24.2267 0.0938 0.2369 -0.709 0.701 0.126
-38.0122 31.8207 -14.2709 0.0947 0.2668 -0.717 0.693 -0.063
-38.0122 19.6714 -20.8178 0.1244 0.2487 -0.693 -0.724 0.01
-38.0122 31.8207 -14.2709 0.0947 0.2668 -0.717 0.693 -0.063
-39.0249 34.0997 -24.2267 0.0938 0.2369 -0.709 0.701 0.126
-36.0249 34.0997 -24.2267 0.088 0.2369 0.669 0.74 0.063
-35.0122 31.8207 -14.2709 0.0856 0.2666 0.78 0.622 0.042
-35.0122 19.6714 -20.8178 0.0577 0.2479 0.724 -0.693 -0.01
-35.0122 31.8207 -14.2709 0.0856 0.2666 0.78 0.622 0.042
-36.0249 34.0997 -24.2267 0.088 0.2369 0.669 0.74 0.063
-38.0122 31.8207 -14.2709 0.0947 0.2668 -0.717 0.693 -0.063
-35.0122 19.6714 -20.8178 0.0577 0.2479 0.724 -0.693 -0.01
-35.0122 31.8207 -14.2709 0.0856 0.2666 0.78 0.622 0.042
-36.0249 34.0322 -6.0968 0.0875 0.2915 0.669 0.74 -0.084
-35.0122 31.8207 -14.2709 0.0856 0.2666 0.78 0.622 0.042
-38.0122 31.8207 -14.2709 0.0947 0.2668 -0.717 0.693 -0.063
-36.0249 34.0322 -6.0968 0.0875 0.2915 0.669 0.74 -0.084
-36.0249 34.0322 -6.0968 0.0875 0.2915 0.669 0.74 -0.084
-35.9494 19.6714 41.002 0.0526 0.4287 0.717 -0.701 0.01
-35.0122 19.6714 -20.8178 0.0577 0.2479 0.724 -0.693 -0.01
-39.0249 34.0322 -6.0968 0.0923 0.2917 -0.701 0.709 -0.115
-38.0122 31.8207 -14.2709 0.0947 0.2668 -0.717 0.693 -0.063
-38.0122 19.6714 -20.8178 0.1244 0.2487 -0.693 -0.724 0.01
-39.0249 34.0322 -6.0968 0.0923 0.2917 -0.701 0.709 -0.115
-36.0249 34.0322 -6.0968 0.0875 0.2915 0.669 0.74 -0.084
-38.0122 31.8207 -14.2709 0.0947 0.2668 -0.717 0.693 -0.063
-38.9494 19.6714 41.002 0.1241 0.4302 -0.701 -0.717 -0.01
-38.0122 19.6714 -20.8178 0.1244 0.2487 -0.693 -0.724 0.01
-35.9494 19.6714 41.002 0.1301 0.4299 0.717 -0.701 0.01
-39.0249 34.0322 -6.0968 0.0923 0.2917 -0.701 0.709 -0.115
-38.0122 19.6714 -20.8178 0.1244 0.2487 -0.693 -0.724 0.01
-38.9494 19.6714 41.002 0.1241 0.4302 -0.701 -0.717 -0.01
-35.9494 19.6714 41.002 0.1301 0.4299 0.717 -0.701 0.01
-36.0249 19.6714 45.9869 0.1317 0.4441 0.567 -0.543 0.819
-38.9494 19.6714 41.002 0.1241 0.4302 -0.701 -0.717 -0.01
-36.0249 19.6714 45.9869 0.1317 0.4441 0.567 -0.543 0.819
-39.0249 19.6714 45.9869 0.1251 0.4448 -0.575 -0.543 0.819
-38.9494 19.6714 41.002 0.1241 0.4302 -0.701 -0.717 -0.01
-38.9494 19.6714 41.002 0.1241 0.4302 -0.701 -0.717 -0.01
-39.0249 34.6769 42.1005 0.0919 0.4333 -0.748 0.661 -0.136
-39.0249 34.0322 -6.0968 0.0923 0.2917 -0.701 0.709 -0.115
-39.0249 34.6769 42.1005 0.0919 0.4333 -0.748 0.661 -0.136
-38.9494 19.6714 41.002 0.1241 0.4302 -0.701 -0.717 -0.01
-39.0249 19.6714 45.9869 0.1251 0.4448 -0.575 -0.543 0.819
-39.0249 34.0322 -6.0968 0.0923 0.2917 -0.701 0.709 -0.115
-39.0249 34.6769 42.1005 0.0919 0.4333 -0.748 0.661 -0.136
-36.0249 34.0322 -6.0968 0.0875 0.2915 0.669 0.74 -0.084
-39.0249 34.6769 42.1005 0.0919 0.4333 -0.748 0.661 -0.136
-39.0249 19.6714 45.9869 0.1251 0.4448 -0.575 -0.543 0.819
-39.0249 35.6287 44.5025 0.0905 0.4409 -0.567 0.685 0.598
-39.0249 19.6714 45.9869 0.1251 0.4448 -0.575 -0.543 0.819
-36.0249 19.6714 45.9869 0.1247 0.4514 0.567 -0.543 0.819
-39.0249 35.6287 44.5025 0.0905 0.4409 -0.567 0.685 0.598
-36.0249 35.6287 44.5025 0.0895 0.4473 0.567 0.685 0.609
-39.0249 35.6287 44.5025 0.0905 0.4409 -0.567 0.685 0.598
-36.0249 19.6714 45.9869 0.1247 0.4514 0.567 -0.543 0.819
-36.0249 34.6769 42.1005 0.0858 0.4331 0.732 0.669 -0.126
-36.0249 34.0322 -6.0968 0.0875 0.2915 0.669 0.74 -0.084
-39.0249 34.6769 42.1005 0.0919 0.4333 -0.748 0.661 -0.136
-39.0249 34.6769 42.1005 0.0919 0.4333 -0.748 0.661 -0.136
-39.0249 35.6287 44.5025 0.0905 0.4409 -0.567 0.685 0.598
-36.0249 34.6769 42.1005 0.0858 0.4331 0.732 0.669 -0.126
-36.0249 34.6769 42.1005 0.0858 0.4331 0.732 0.669 -0.126
-35.9494 19.6714 41.002 0.0526 0.4287 0.717 -0.701 0.01
-36.0249 34.0322 -6.0968 0.0875 0.2915 0.669 0.74 -0.084
-36.0249 35.6287 44.5025 0.0855 0.4404 0.567 0.685 0.609
-36.0249 34.6769 42.1005 0.0858 0.4331 0.732 0.669 -0.126
-39.0249 35.6287 44.5025 0.0905 0.4409 -0.567 0.685 0.598
-36.0249 19.6714 45.9869 0.051 0.4431 0.567 -0.543 0.819
-35.9494 19.6714 41.002 0.0526 0.4287 0.717 -0.701 0.01
-36.0249 34.6769 42.1005 0.0858 0.4331 0.732 0.669 -0.126
-36.0249 34.6769 42.1005 0.0858 0.4331 0.732 0.669 -0.126
-36.0249 35.6287 44.5025 0.0855 0.4404 0.567 0.685 0.609
-36.0249 19.6714 45.9869 0.051 0.4431 0.567 -0.543 0.819
35.7065 19.1725 -42.7128 0.3057 0.2812 0.551 -0.598 0.777
35.7065 19.1725 -44.9628 0.3049 0.2878 0.551 -0.598 -0.777
36.791 34.1711 -42.7128 0.2727 0.2781 0.606 0.551 0.766
36.791 34.1711 -44.9628 0.272 0.2847 0.606 0.551 -0.766
36.791 34.1711 -42.7128 0.2727 0.2781 0.606 0.551 0.766
35.7065 19.1725 -44.9628 0.3049 0.2878 0.551 -0.598 -0.777
36.791 34.1711 -44.9628 0.272 0.2847 0.606 0.551 -0.766
35.7065 19.1725 -44.9628 0.3049 0.2878 0.551 -0.598 -0.777
18.5389 34.3926 -44.9628 0.2722 0.3242 -0.213 0.732 -0.861
36.791 34.1711 -44.9628 0.272 0.2847 0.606 0.551 -0.766
18.5389 34.3926 -44.9628 0.2722 0.3242 -0.213 0.732 -0.861
36.791 34.1711 -42.7128 0.2651 0.2844 0.606 0.551 0.766
14.5852 19.4664 -44.9628 0.304 0.335 -0.008 -0.709 -0.945
18.5389 34.3926 -44.9628 0.2722 0.3242 -0.213 0.732 -0.861
35.7065 19.1725 -44.9628 0.3049 0.2878 0.551 -0.598 -0.777
35.7065 19.1725 -44.9628 0.3049 0.2878 0.551 -0.598 -0.777
35.7065 19.1725 -42.7128 0.3115 0.2883 0.551 -0.598 0.777
14.5852 19.4664 -44.9628 0.304 0.335 -0.008 -0.709 -0.945
14.5852 19.4664 -44.9628 0.304 0.335 -0.008 -0.709 -0.945
35.7065 19.1725 -42.7128 0.3115 0.2883 0.551 -0.598 0.777
14.5852 19.4664 -42.7128 0.3105 0.335 -0.008 -0.709 0.945
18.5389 34.3926 -42.7128 0.2671 0.3242 -0.213 0.732 0.861
36.791 34.1711 -42.7128 0.2651 0.2844 0.606 0.551 0.766
18.5389 34.3926 -44.9628 0.2722 0.3242 -0.213 0.732 -0.861
36.791 34.1711 -42.7128 0.2651 0.2844 0.606 0.551 0.766
18.5389 34.3926 -42.7128 0.2671 0.3242 -0.213 0.732 0.861
35.7065 19.1725 -42.7128 0.2322 0.2883 0.551 -0.598 0.777
14.5852 19.4664 -42.7128 0.2357 0.335 -0.008 -0.709 0.945
35.7065 19.1725 -42.7128 0.2322 0.2883 0.551 -0.598 0.777
18.5389 34.3926 -42.7128 0.2671 0.3242 -0.213 0.732 0.861
18.5389 34.3926 -44.9628 0.2722 0.3242 -0.213 0.732 -0.861
14.2234 31.5259 -44.9628 0.2749 0.3345 0.102 0.386 -1.228
18.5389 34.3926 -42.7128 0.2671 0.3242 -0.213 0.732 0.861
14.5852 19.4664 -44.9628 0.304 0.335 -0.008 -0.709 -0.945
14.2234 31.5259 -44.9628 0.2749 0.3345 0.102 0.386 -1.228
18.5389 34.3926 -44.9628 0.2722 0.3242 -0.213 0.732 -0.861
18.5389 34.3926 -42.7128 0.2671 0.3242 -0.213 0.732 0.861
14.2234 31.5259 -42.7128 0.2644 0.3347 0.102 0.386 1.228
14.5852 19.4664 -42.7128 0.2357 0.335 -0.008 -0.709 0.945
14.2234 31.5259 -42.7128 0.2644 0.3347 0.102 0.386 1.228
18.5389 34.3926 -42.7128 0.2671 0.3242 -0.213 0.732 0.861
14.2234 31.5259 -44.9628 0.2749 0.3345 0.102 0.386 -1.228
14.5852 19.4664 -42.7128 0.2357 0.335 -0.008 -0.709 0.945
14.2234 31.5259 -42.7128 0.2644 0.3347 0.102 0.386 1.228
12.7141 34.5374 -42.7128 0.2676 0.3401 0.425 0.677 0.808
14.5852 19.4664 -42.7128 0.2357 0.335 -0.008 -0.709 0.945
12.7141 34.5374 -42.7128 0.2676 0.3401 0.425 0.677 0.808
-36.0913 20.1717 -42.7128 0.2311 0.446 -0.583 -0.567 0.766
-35.8826 35.1702 -42.7128 0.2639 0.447 -0.567 0.583 0.766
-36.0913 20.1717 -42.7128 0.2311 0.446 -0.583 -0.567 0.766
12.7141 34.5374 -42.7128 0.2676 0.3401 0.425 0.677 0.808
14.2234 31.5259 -44.9628 0.2749 0.3345 0.102 0.386 -1.228
12.7141 34.5374 -44.9628 0.272 0.3398 0.425 0.677 -0.808
14.2234 31.5259 -42.7128 0.2644 0.3347 0.102 0.386 1.228
12.7141 34.5374 -42.7128 0.2676 0.3401 0.425 0.677 0.808
14.2234 31.5259 -42.7128 0.2644 0.3347 0.102 0.386 1.228
12.7141 34.5374 -44.9628 0.272 0.3398 0.425 0.677 -0.808
12.7141 34.5374 -42.7128 0.2676 0.3401 0.425 0.677 0.808
12.7141 34.5374 -44.9628 0.272 0.3398 0.425 0.677 -0.808
-35.8826 35.1702 -42.7128 0.2639 0.447 -0.567 0.583 0.766
12.7141 34.5374 -44.9628 0.272 0.3398 0.425 0.677 -0.808
14.2234 31.5259 -44.9628 0.2749 0.3345 0.102 0.386 -1.228
14.5852 19.4664 -44.9628 0.304 0.335 -0.008 -0.709 -0.945
-35.8826 35.1702 -42.7128 0.2639 0.447 -0.567 0.583 0.766
12.7141 34.5374 -44.9628 0.272 0.3398 0.425 0.677 -0.808
-35.8826 35.1702 -44.9628 0.27 0.4468 -0.567 0.583 -0.766
14.5852 19.4664 -44.9628 0.304 0.335 -0.008 -0.709 -0.945
-36.0913 20.1717 -44.9628 0.303 0.4468 -0.583 -0.567 -0.766
12.7141 34.5374 -44.9628 0.272 0.3398 0.425 0.677 -0.808
-35.8826 35.1702 -44.9628 0.27 0.4468 -0.567 0.583 -0.766
12.7141 34.5374 -44.9628 0.272 0.3398 0.425 0.677 -0.808
-36.0913 20.1717 -44.9628 0.303 0.4468 -0.583 -0.567 -0.766
14.5852 19.4664 -44.9628 0.304 0.335 -0.008 -0.709 -0.945
14.5852 19.4664 -42.7128 0.3105 0.335 -0.008 -0.709 0.945
-36.0913 20.1717 -44.9628 0.303 0.4468 -0.583 -0.567 -0.766
-36.0913 20.1717 -44.9628 0.303 0.4468 -0.583 -0.567 -0.766
14.5852 19.4664 -42.7128 0.3105 0.335 -0.008 -0.709 0.945
-36.0913 20.1717 -42.7128 0.3098 0.4465 -0.583 -0.567 0.766
-35.8826 35.1702 -42.7128 0.27 0.4534 -0.567 0.583 0.766
-35.8826 35.1702 -44.9628 0.27 0.4468 -0.567 0.583 -0.766
-36.0913 20.1717 -44.9628 0.303 0.4468 -0.583 -0.567 -0.766
-36.0913 20.1717 -44.9628 0.303 0.4468 -0.583 -0.567 -0.766
-36.0913 20.1717 -42.7128 0.3032 0.4534 -0.583 -0.567 0.766
-35.8826 35.1702 -42.7128 0.27 0.4534 -0.567 0.583 0.766
35.9904 19.3327 42.7128 1.3848 0.4514 0.575 -0.575 -0.766
35.9904 33.2655 42.7128 1.3535 0.4514 0.583 0.575 -0.766
35.9904 19.3327 44.9628 1.3848 0.4448 0.575 -0.575 0.766
35.9904 33.2655 44.9628 1.3535 0.4446 0.583 0.575 0.766
35.9904 19.3327 44.9628 1.3848 0.4448 0.575 -0.575 0.766
35.9904 33.2655 42.7128 1.3535 0.4514 0.583 0.575 -0.766
35.9904 19.3327 42.7128 1.3916 0.4448 0.575 -0.575 -0.766
35.9904 19.3327 44.9628 1.3848 0.4448 0.575 -0.575 0.766
-29.2453 19.3327 42.7128 1.3916 0.3013 0 -0.709 -0.945
35.9904 19.3327 44.9628 1.3848 0.4448 0.575 -0.575 0.766
35.9904 33.2655 44.9628 1.3535 0.4446 0.583 0.575 0.766
-29.2453 19.3327 44.9628 1.3848 0.301 0 -0.709 0.945
-29.2453 19.3327 42.7128 1.3916 0.3013 0 -0.709 -0.945
35.9904 19.3327 44.9628 1.3848 0.4448 0.575 -0.575 0.766
-29.2453 19.3327 44.9628 1.3848 0.301 0 -0.709 0.945
-35.8143 19.3327 42.7128 1.3916 0.2869 -0.591 -0.567 -0.766
-29.2453 19.3327 42.7128 1.3916 0.3013 0 -0.709 -0.945
-35.8143 19.3327 44.9628 1.3848 0.2869 -0.591 -0.567 0.766
-29.2453 19.3327 44.9628 1.3848 0.301 0 -0.709 0.945
-35.8143 19.3327 44.9628 1.3848 0.2869 -0.591 -0.567 0.766
-29.2453 19.3327 42.7128 1.3916 0.3013 0 -0.709 -0.945
-29.2453 34.3327 44.9628 1.3525 0.3008 -0.055 0.724 0.913
-29.2453 19.3327 44.9628 1.3848 0.301 0 -0.709 0.945
35.9904 33.2655 44.9628 1.3535 0.4446 0.583 0.575 0.766
-35.8143 19.3327 44.9628 1.3848 0.2869 -0.591 -0.567 0.766
-29.2453 19.3327 44.9628 1.3848 0.301 0 -0.709 0.945
-35.1681 33.3523 44.9628 1.3535 0.2876 -0.606 0.535 0.787
-29.2453 34.3327 44.9628 1.3525 0.3008 -0.055 0.724 0.913
-35.1681 33.3523 44.9628 1.3535 0.2876 -0.606 0.535 0.787
-29.2453 19.3327 44.9628 1.3848 0.301 0 -0.709 0.945
-35.8143 19.3327 44.9628 1.3848 0.2869 -0.591 -0.567 0.766
-35.1681 33.3523 44.9628 1.3535 0.2876 -0.606 0.535 0.787
-35.8143 19.3327 42.7128 1.3848 0.2805 -0.591 -0.567 -0.766
-35.1681 33.3523 42.7128 1.3545 0.2805 -0.606 0.535 -0.787
-35.8143 19.3327 42.7128 1.3848 0.2805 -0.591 -0.567 -0.766
-35.1681 33.3523 44.9628 1.3535 0.2876 -0.606 0.535 0.787
-29.2453 34.3327 44.9628 1.3525 0.3008 -0.055 0.724 0.913
35.9904 33.2655 44.9628 1.3535 0.4446 0.583 0.575 0.766
-29.2453 34.3327 42.7128 1.3467 0.3008 -0.055 0.724 -0.913
-29.2453 34.3327 44.9628 1.3525 0.3008 -0.055 0.724 0.913
-29.2453 34.3327 42.7128 1.3467 0.3008 -0.055 0.724 -0.913
-35.1681 33.3523 44.9628 1.3535 0.2876 -0.606 0.535 0.787
35.9904 33.2655 42.7128 1.3467 0.4446 0.583 0.575 -0.766
-29.2453 34.3327 42.7128 1.3467 0.3008 -0.055 0.724 -0.913
35.9904 33.2655 44.9628 1.3535 0.4446 0.583 0.575 0.766
-35.1681 33.3523 44.9628 1.3535 0.2876 -0.606 0.535 0.787
-29.2453 34.3327 42.7128 1.3467 0.3008 -0.055 0.724 -0.913
-35.1681 33.3523 42.7128 1.3457 0.2878 -0.606 0.535 -0.787
-29.2453 34.3327 42.7128 1.3467 0.3008 -0.055 0.724 -0.913
35.9904 33.2655 42.7128 1.3467 0.4446 0.583 0.575 -0.766
-29.2453 19.3327 42.7128 1.3145 0.3008 0 -0.709 -0.945
-29.2453 34.3327 42.7128 1.3467 0.3008 -0.055 0.724 -0.913
-29.2453 19.3327 42.7128 1.3145 0.3008 0 -0.709 -0.945
-35.1681 33.3523 42.7128 1.3457 0.2878 -0.606 0.535 -0.787
35.9904 19.3327 42.7128 1.3164 0.4448 0.575 -0.575 -0.766
-29.2453 19.3327 42.7128 1.3145 0.3008 0 -0.709 -0.945
35.9904 33.2655 42.7128 1.3467 0.4446 0.583 0.575 -0.766
-29.2453 19.3327 42.7128 1.3145 0.3008 0 -0.709 -0.945
-35.8143 19.3327 42.7128 1.3145 0.2861 -0.591 -0.567 -0.766
-35.1681 33.3523 42.7128 1.3457 0.2878 -0.606 0.535 -0.787
-36.791 17.8324 42.7128 1.2725 0.2781 -0.606 0.551 -0.766
-35.7065 2.8339 42.7128 1.3057 0.2812 -0.551 -0.598 -0.777
-36.791 17.8324 44.9628 1.2715 0.2847 -0.606 0.551 0.766
-35.7065 2.8339 44.9628 1.3047 0.2878 -0.551 -0.598 0.777
-36.791 17.8324 44.9628 1.2715 0.2847 -0.606 0.551 0.766
-35.7065 2.8339 42.7128 1.3057 0.2812 -0.551 -0.598 -0.777
-36.791 17.8324 44.9628 1.2715 0.2847 -0.606 0.551 0.766
-35.7065 2.8339 44.9628 1.3047 0.2878 -0.551 -0.598 0.777
-18.5389 18.0539 44.9628 1.2715 0.3245 0.213 0.732 0.861
-18.5389 18.0539 44.9628 1.2715 0.3245 0.213 0.732 0.861
-18.5389 18.0539 42.7128 1.2666 0.3242 0.213 0.732 -0.861
-36.791 17.8324 44.9628 1.2715 0.2847 -0.606 0.551 0.766
-36.791 17.8324 44.9628 1.2715 0.2847 -0.606 0.551 0.766
-18.5389 18.0539 42.7128 1.2666 0.3242 0.213 0.732 -0.861
-36.791 17.8324 42.7128 1.2646 0.2844 -0.606 0.551 -0.766
-36.791 17.8324 42.7128 1.2646 0.2844 -0.606 0.551 -0.766
-18.5389 18.0539 42.7128 1.2666 0.3242 0.213 0.732 -0.861
-35.7065 2.8339 42.7128 1.2314 0.2886 -0.551 -0.598 -0.777
-14.5852 3.1278 42.7128 1.2354 0.3352 0.008 -0.709 -0.945
-35.7065 2.8339 42.7128 1.2314 0.2886 -0.551 -0.598 -0.777
-18.5389 18.0539 42.7128 1.2666 0.3242 0.213 0.732 -0.861
-14.5852 3.1278 44.9628 1.3037 0.335 0.008 -0.709 0.945
-18.5389 18.0539 44.9628 1.2715 0.3245 0.213 0.732 0.861
-35.7065 2.8339 44.9628 1.3047 0.2878 -0.551 -0.598 0.777
-35.7065 2.8339 44.9628 1.3047 0.2878 -0.551 -0.598 0.777
-35.7065 2.8339 42.7128 1.3115 0.2883 -0.551 -0.598 -0.777
-14.5852 3.1278 44.9628 1.3037 0.335 0.008 -0.709 0.945
-14.5852 3.1278 42.7128 1.3105 0.335 0.008 -0.709 -0.945
-14.5852 3.1278 44.9628 1.3037 0.335 0.008 -0.709 0.945
-35.7065 2.8339 42.7128 1.3115 0.2883 -0.551 -0.598 -0.777
-18.5389 18.0539 42.7128 1.2666 0.3242 0.213 0.732 -0.861
-18.5389 18.0539 44.9628 1.2715 0.3245 0.213 0.732 0.861
-14.2234 15.1873 42.7128 1.2646 0.3347 -0.102 0.386 -1.228
-18.5389 18.0539 42.7128 1.2666 0.3242 0.213 0.732 -0.861
-14.2234 15.1873 42.7128 1.2646 0.3347 -0.102 0.386 -1.228
-14.5852 3.1278 42.7128 1.2354 0.3352 0.008 -0.709 -0.945
-14.5852 3.1278 44.9628 1.3037 0.335 0.008 -0.709 0.945
-14.2234 15.1873 44.9628 1.2744 0.3347 -0.102 0.386 1.228
-18.5389 18.0539 44.9628 1.2715 0.3245 0.213 0.732 0.861
-14.2234 15.1873 44.9628 1.2744 0.3347 -0.102 0.386 1.228
-14.2234 15.1873 42.7128 1.2646 0.3347 -0.102 0.386 -1.228
-18.5389 18.0539 44.9628 1.2715 0.3245 0.213 0.732 0.861
-14.5852 3.1278 42.7128 1.3105 0.335 0.008 -0.709 -0.945
36.0913 3.833 44.9628 1.3027 0.4468 0.583 -0.567 0.766
-14.5852 3.1278 44.9628 1.3037 0.335 0.008 -0.709 0.945
36.0913 3.833 42.7128 1.3096 0.4468 0.583 -0.567 -0.766
36.0913 3.833 44.9628 1.3027 0.4468 0.583 -0.567 0.766
-14.5852 3.1278 42.7128 1.3105 0.335 0.008 -0.709 -0.945
-12.7141 18.1988 44.9628 1.2715 0.3398 -0.425 0.677 0.808
-14.2234 15.1873 44.9628 1.2744 0.3347 -0.102 0.386 1.228
-14.5852 3.1278 44.9628 1.3037 0.335 0.008 -0.709 0.945
-14.2234 15.1873 42.7128 1.2646 0.3347 -0.102 0.386 -1.228
-14.2234 15.1873 44.9628 1.2744 0.3347 -0.102 0.386 1.228
-12.7141 18.1988 44.9628 1.2715 0.3398 -0.425 0.677 0.808
-14.5852 3.1278 44.9628 1.3037 0.335 0.008 -0.709 0.945
36.0913 3.833 44.9628 1.3027 0.4468 0.583 -0.567 0.766
-12.7141 18.1988 44.9628 1.2715 0.3398 -0.425 0.677 0.808
-14.5852 3.1278 42.7128 1.2354 0.3352 0.008 -0.709 -0.945
-14.2234 15.1873 42.7128 1.2646 0.3347 -0.102 0.386 -1.228
-12.7141 18.1988 42.7128 1.2676 0.3401 -0.425 0.677 -0.808
-14.2234 15.1873 42.7128 1.2646 0.3347 -0.102 0.386 -1.228
-12.7141 18.1988 44.9628 1.2715 0.3398 -0.425 0.677 0.808
-12.7141 18.1988 42.7128 1.2676 0.3401 -0.425 0.677 -0.808
-14.5852 3.1278 42.7128 1.2354 0.3352 0.008 -0.709 -0.945
-12.7141 18.1988 42.7128 1.2676 0.3401 -0.425 0.677 -0.808
36.0913 3.833 42.7128 1.2305 0.4463 0.583 -0.567 -0.766
35.8826 18.8316 42.7128 1.2637 0.4473 0.567 0.583 -0.766
36.0913 3.833 42.7128 1.2305 0.4463 0.583 -0.567 -0.766
-12.7141 18.1988 42.7128 1.2676 0.3401 -0.425 0.677 -0.808
-12.7141 18.1988 44.9628 1.2715 0.3398 -0.425 0.677 0.808
35.8826 18.8316 42.7128 1.2637 0.4473 0.567 0.583 -0.766
-12.7141 18.1988 42.7128 1.2676 0.3401 -0.425 0.677 -0.808
35.8826 18.8316 44.9628 1.2695 0.4468 0.567 0.583 0.766
35.8826 18.8316 42.7128 1.2637 0.4473 0.567 0.583 -0.766
-12.7141 18.1988 44.9628 1.2715 0.3398 -0.425 0.677 0.808
35.8826 18.8316 44.9628 1.2695 0.4468 0.567 0.583 0.766
-12.7141 18.1988 44.9628 1.2715 0.3398 -0.425 0.677 0.808
36.0913 3.833 44.9628 1.3027 0.4468 0.583 -0.567 0.766
35.8826 18.8316 44.9628 1.2695 0.4468 0.567 0.583 0.766
36.0913 3.833 44.9628 1.3027 0.4468 0.583 -0.567 0.766
35.8826 18.8316 42.7128 1.2695 0.4534 0.567 0.583 -0.766
36.0913 3.833 42.7128 1.3027 0.4534 0.583 -0.567 -0.766
35.8826 18.8316 42.7128 1.2695 0.4534 0.567 0.583 -0.766
36.0913 3.833 44.9628 1.3027 0.4468 0.583 -0.567 0.766
35.9715 3.0256 42.6679 1.2324 0.1956 0.575 -0.575 0.766
35.9715 3.0256 37.9153 1.2461 0.1956 0.323 -0.543 -1.029
35.9715 34.7318 42.6679 1.2324 0.2654 0.575 0.575 0.766
35.9715 34.7318 37.9153 1.2461 0.2654 0.323 0.543 -1.029
35.9715 34.7318 42.6679 1.2324 0.2654 0.575 0.575 0.766
35.9715 3.0256 37.9153 1.2461 0.1956 0.323 -0.543 -1.029
35.9715 3.0256 37.9153 1.2461 0.1956 0.323 -0.543 -1.029
35.9715 3.0256 42.6679 1.2559 0.1857 0.575 -0.575 0.766
29.6347 3.0256 42.6679 1.2656 0.1956 -0.772 -0.543 0.43
35.9715 34.7318 37.9153 1.2461 0.2654 0.323 0.543 -1.029
35.9715 3.0256 37.9153 1.2461 0.1956 0.323 -0.543 -1.029
29.6347 34.7318 42.6679 1.2656 0.2654 -0.772 0.543 0.43
29.6347 3.0256 42.6679 1.2656 0.1956 -0.772 -0.543 0.43
29.6347 34.7318 42.6679 1.2656 0.2654 -0.772 0.543 0.43
35.9715 3.0256 37.9153 1.2461 0.1956 0.323 -0.543 -1.029
35.9715 34.7318 42.6679 1.2559 0.2751 0.575 0.575 0.766
35.9715 34.7318 37.9153 1.2461 0.2654 0.323 0.543 -1.029
29.6347 34.7318 42.6679 1.2656 0.2654 -0.772 0.543 0.43
29.6347 3.0256 42.6679 1.2656 0.1956 -0.772 -0.543 0.43
35.9715 3.0256 42.6679 1.2793 0.1956 0.575 -0.575 0.766
29.6347 34.7318 42.6679 1.2656 0.2654 -0.772 0.543 0.43
35.9715 34.7318 42.6679 1.2793 0.2654 0.575 0.575 0.766
29.6347 34.7318 42.6679 1.2656 0.2654 -0.772 0.543 0.43
35.9715 3.0256 42.6679 1.2793 0.1956 0.575 -0.575 0.766
