Vertex Count: 717

Data:

-796.318 325.854 35.1507 0.3823 0.1193 -0.316 -0.372 -0.871
-792.556 327.253 32.6272 0.3875 0.1211 -0.402 -0.396 -0.825
-795.063 324.608 36.4153 0.3811 0.1215 0.578 -0.761 -0.286
-855.757 49.7666 -27.4516 0.1777 0.1104 -0.846 0.08 0.526
-789.151 56.2027 78.6484 0.3152 0.1102 -0.846 0.08 0.526
-850.969 164.54 -37.4235 0.1779 0.2369 -0.846 0.08 0.526
-797.297 58.3914 118.624 0.0801 0.0797 0.606 0.02 0.791
-767.098 38.0123 96.0412 0.0983 0.123 0.606 0.02 0.791
-766.144 55.3057 94.9337 0.0792 0.1227 0.606 0.02 0.791
-797.297 58.3914 118.624 0.0801 0.0797 0.606 0.02 0.791
-802.184 41.4875 122.723 0.0993 0.0745 0.606 0.02 0.791
-767.098 38.0123 96.0412 0.0983 0.123 0.606 0.02 0.791
-801.665 50.8931 122.12 0.0889 0.0743 0.606 0.02 0.791
-802.184 41.4875 122.723 0.0993 0.0745 0.606 0.02 0.791
-797.297 58.3914 118.624 0.0801 0.0797 0.606 0.02 0.791
-913.336 28.2515 -48.0588 0.522 0.7764 -0.464 -0.042 -0.889
-947.827 48.7226 -31.1461 0.5439 0.7339 -0.464 -0.042 -0.889
-912.544 45.5583 -49.3242 0.541 0.7778 -0.464 -0.042 -0.889
-947.827 48.7226 -31.1461 0.5439 0.7339 -0.464 -0.042 -0.889
-913.336 28.2515 -48.0588 0.522 0.7764 -0.464 -0.042 -0.889
-952.642 41.2282 -28.2741 0.5356 0.728 -0.464 -0.042 -0.889
-913.336 28.2515 -48.0588 0.522 0.7764 -0.464 -0.042 -0.889
-953.073 31.8153 -27.5859 0.5254 0.7275 -0.464 -0.042 -0.889
-952.642 41.2282 -28.2741 0.5356 0.728 -0.464 -0.042 -0.889
-909.068 45.6042 -18.4401 0.0638 0.123 -0.606 -0.02 -0.791
-905.518 56.9783 -21.3973 0.051 0.119 -0.606 -0.02 -0.791
-873.982 42.1291 -45.1216 0.0638 0.0745 -0.606 -0.02 -0.791
-902.399 62.3317 -23.8932 0.0448 0.1151 -0.606 -0.02 -0.791
-873.982 42.1291 -45.1216 0.0638 0.0745 -0.606 -0.02 -0.791
-905.518 56.9783 -21.3973 0.051 0.119 -0.606 -0.02 -0.791
-902.399 62.3317 -23.8932 0.0448 0.1151 -0.606 -0.02 -0.791
-873.028 59.4225 -46.229 0.0448 0.0745 -0.606 -0.02 -0.791
-873.982 42.1291 -45.1216 0.0638 0.0745 -0.606 -0.02 -0.791
-831.82 28.102 159.126 0.5654 0.7388 0.464 0.042 0.889
-792.084 24.5383 138.653 0.561 0.7876 0.464 0.042 0.889
-827.994 39.4777 156.577 0.5522 0.7412 0.464 0.042 0.889
-824.556 44.8284 154.526 0.5459 0.7446 0.464 0.042 0.889
-827.994 39.4777 156.577 0.5522 0.7412 0.464 0.042 0.889
-792.084 24.5383 138.653 0.561 0.7876 0.464 0.042 0.889
-791.291 41.8451 137.388 0.542 0.7856 0.464 0.042 0.889
-824.556 44.8284 154.526 0.5459 0.7446 0.464 0.042 0.889
-792.084 24.5383 138.653 0.561 0.7876 0.464 0.042 0.889
-844.171 494.12 -77.2408 0.1782 0.606 -0.846 0.08 0.526
-776.676 403.312 45.2747 0.3186 0.489 -0.846 0.08 0.526
-775.525 514.617 29.9915 0.3196 0.6104 -0.846 0.08 0.526
-844.895 387.033 -61.9159 0.1781 0.4858 -0.846 0.08 0.526
-776.676 403.312 45.2747 0.3186 0.489 -0.846 0.08 0.526
-844.171 494.12 -77.2408 0.1782 0.606 -0.846 0.08 0.526
-844.895 387.033 -61.9159 0.1781 0.4858 -0.846 0.08 0.526
-779.331 291.857 58.1613 0.3174 0.3677 -0.846 0.08 0.526
-776.676 403.312 45.2747 0.3186 0.489 -0.846 0.08 0.526
-847.057 279.764 -48.8747 0.178 0.3657 -0.846 0.08 0.526
-779.331 291.857 58.1613 0.3174 0.3677 -0.846 0.08 0.526
-844.895 387.033 -61.9159 0.1781 0.4858 -0.846 0.08 0.526
-847.057 279.764 -48.8747 0.178 0.3657 -0.846 0.08 0.526
-783.847 172.18 69.3226 0.3164 0.2378 -0.846 0.08 0.526
-779.331 291.857 58.1613 0.3174 0.3677 -0.846 0.08 0.526
-850.969 164.54 -37.4235 0.1779 0.2369 -0.846 0.08 0.526
-783.847 172.18 69.3226 0.3164 0.2378 -0.846 0.08 0.526
-847.057 279.764 -48.8747 0.178 0.3657 -0.846 0.08 0.526
-905.518 56.9783 -21.3973 0.8018 0.2275 -0.815 0.387 0.426
-897.625 61.6431 -7.9858 0.8193 0.2294 -0.486 0.788 0.385
-902.399 62.3317 -23.8932 0.8022 0.2349 -0.289 0.948 0.123
-902.399 62.3317 -23.8932 0.8022 0.2349 -0.289 0.948 0.123
-897.625 61.6431 -7.9858 0.8193 0.2294 -0.486 0.788 0.385
-873.028 59.4225 -46.229 0.8003 0.2751 0.621 0.667 -0.405
-873.028 59.4225 -46.229 0.8003 0.2751 0.621 0.667 -0.405
-897.625 61.6431 -7.9858 0.8193 0.2294 -0.486 0.788 0.385
-852.188 57.015 -18.4793 0.8389 0.2771 0.626 0.639 -0.453
-897.625 61.6431 -7.9858 0.8193 0.2294 -0.486 0.788 0.385
-886.372 60.2971 4.4191 0.8374 0.2318 -0.423 0.817 0.391
-852.188 57.015 -18.4793 0.8389 0.2771 0.626 0.639 -0.453
-873.982 42.1291 -45.1216 0.8008 0.2937 0.51 -0.752 -0.411
-873.028 59.4225 -46.229 0.8003 0.2751 0.621 0.667 -0.405
-852.188 57.015 -18.4793 0.8389 0.2771 0.626 0.639 -0.453
-886.372 60.2971 4.4191 0.8374 0.2318 -0.423 0.817 0.391
-861.837 61.1153 41.5706 0.8862 0.2297 -0.512 0.773 0.374
-852.188 57.015 -18.4793 0.8389 0.2771 0.626 0.639 -0.453
-801.665 50.8931 122.12 0.9971 0.2283 -0.735 0.334 0.592
-797.297 58.3914 118.624 0.9961 0.2385 -0.298 0.913 0.279
-861.837 61.1153 41.5706 0.8862 0.2297 -0.512 0.773 0.374
-861.837 61.1153 41.5706 0.8862 0.2297 -0.512 0.773 0.374
-797.297 58.3914 118.624 0.9961 0.2385 -0.298 0.913 0.279
-823.083 57.4988 19.7339 0.8916 0.2783 0.608 0.648 -0.452
-852.188 57.015 -18.4793 0.8389 0.2771 0.626 0.639 -0.453
-861.837 61.1153 41.5706 0.8862 0.2297 -0.512 0.773 0.374
-823.083 57.4988 19.7339 0.8916 0.2783 0.608 0.648 -0.452
-797.297 58.3914 118.624 0.9961 0.2385 -0.298 0.913 0.279
-766.144 55.3057 94.9337 0.9951 0.2815 0.626 0.639 -0.453
-823.083 57.4988 19.7339 0.8916 0.2783 0.608 0.648 -0.452
-853.076 41.3239 -17.5105 0.8389 0.2947 0.503 -0.759 -0.406
-873.982 42.1291 -45.1216 0.8008 0.2937 0.51 -0.752 -0.411
-852.188 57.015 -18.4793 0.8389 0.2771 0.626 0.639 -0.453
-853.076 41.3239 -17.5105 0.8389 0.2947 0.503 -0.759 -0.406
-852.188 57.015 -18.4793 0.8389 0.2771 0.626 0.639 -0.453
-823.083 57.4988 19.7339 0.8916 0.2783 0.608 0.648 -0.452
-824.037 40.2054 20.8413 0.8916 0.2971 0.503 -0.759 -0.406
-823.083 57.4988 19.7339 0.8916 0.2783 0.608 0.648 -0.452
-766.144 55.3057 94.9337 0.9951 0.2815 0.626 0.639 -0.453
-824.037 40.2054 20.8413 0.8916 0.2971 0.503 -0.759 -0.406
-853.076 41.3239 -17.5105 0.8389 0.2947 0.503 -0.759 -0.406
-823.083 57.4988 19.7339 0.8916 0.2783 0.608 0.648 -0.452
-767.098 38.0123 96.0412 0.9951 0.3005 0.496 -0.766 -0.402
-824.037 40.2054 20.8413 0.8916 0.2971 0.503 -0.759 -0.406
-766.144 55.3057 94.9337 0.9951 0.2815 0.626 0.639 -0.453
-767.098 38.0123 96.0412 0.9951 0.3005 0.496 -0.766 -0.402
-802.184 41.4875 122.723 0.9932 0.3491 -0.606 -0.657 0.442
-824.037 40.2054 20.8413 0.8916 0.2971 0.503 -0.759 -0.406
-859.123 43.6806 47.5228 0.8896 0.3455 -0.63 -0.64 0.446
-824.037 40.2054 20.8413 0.8916 0.2971 0.503 -0.759 -0.406
-802.184 41.4875 122.723 0.9932 0.3491 -0.606 -0.657 0.442
-824.037 40.2054 20.8413 0.8916 0.2971 0.503 -0.759 -0.406
-859.123 43.6806 47.5228 0.8896 0.3455 -0.63 -0.64 0.446
-853.076 41.3239 -17.5105 0.8389 0.2947 0.503 -0.759 -0.406
-802.184 41.4875 122.723 0.9932 0.3491 -0.606 -0.657 0.442
-801.665 50.8931 122.12 0.9927 0.3594 -0.735 0.334 0.592
-859.123 43.6806 47.5228 0.8896 0.3455 -0.63 -0.64 0.446
-861.837 61.1153 41.5706 0.8818 0.3643 -0.512 0.773 0.374
-859.123 43.6806 47.5228 0.8896 0.3455 -0.63 -0.64 0.446
-801.665 50.8931 122.12 0.9927 0.3594 -0.735 0.334 0.592
-888.162 44.7991 9.1709 0.8369 0.3435 -0.65 -0.597 0.466
-853.076 41.3239 -17.5105 0.8389 0.2947 0.503 -0.759 -0.406
-859.123 43.6806 47.5228 0.8896 0.3455 -0.63 -0.64 0.446
-859.123 43.6806 47.5228 0.8896 0.3455 -0.63 -0.64 0.446
-861.837 61.1153 41.5706 0.8818 0.3643 -0.512 0.773 0.374
-888.162 44.7991 9.1709 0.8369 0.3435 -0.65 -0.597 0.466
-853.076 41.3239 -17.5105 0.8389 0.2947 0.503 -0.759 -0.406
-888.162 44.7991 9.1709 0.8369 0.3435 -0.65 -0.597 0.466
-873.982 42.1291 -45.1216 0.8008 0.2937 0.51 -0.752 -0.411
-886.372 60.2971 4.4191 0.833 0.3608 -0.423 0.817 0.391
-888.162 44.7991 9.1709 0.8369 0.3435 -0.65 -0.597 0.466
-861.837 61.1153 41.5706 0.8818 0.3643 -0.512 0.773 0.374
-909.068 45.6042 -18.4401 0.7993 0.342 -0.68 -0.582 0.447
-873.982 42.1291 -45.1216 0.8008 0.2937 0.51 -0.752 -0.411
-888.162 44.7991 9.1709 0.8369 0.3435 -0.65 -0.597 0.466
-886.372 60.2971 4.4191 0.833 0.3608 -0.423 0.817 0.391
-897.625 61.6431 -7.9858 0.8145 0.3608 -0.486 0.788 0.385
-888.162 44.7991 9.1709 0.8369 0.3435 -0.65 -0.597 0.466
-888.162 44.7991 9.1709 0.8369 0.3435 -0.65 -0.597 0.466
-897.625 61.6431 -7.9858 0.8145 0.3608 -0.486 0.788 0.385
-909.068 45.6042 -18.4401 0.7993 0.342 -0.68 -0.582 0.447
-905.518 56.9783 -21.3973 0.7979 0.3552 -0.815 0.387 0.426
-909.068 45.6042 -18.4401 0.7993 0.342 -0.68 -0.582 0.447
-897.625 61.6431 -7.9858 0.8145 0.3608 -0.486 0.788 0.385
-840.4 44.8379 140.861 0.7749 0.4985 -0.507 0.786 0.352
-827.994 39.4777 156.577 0.7524 0.4993 -0.691 0.388 0.609
-824.556 44.8284 154.526 0.7529 0.4919 -0.217 0.947 0.255
-840.4 44.8379 140.861 0.7749 0.4985 -0.507 0.786 0.352
-824.556 44.8284 154.526 0.7529 0.4919 -0.217 0.947 0.255
-791.291 41.8451 137.388 0.7495 0.4517 0.65 0.615 -0.439
-840.4 44.8379 140.861 0.7749 0.4985 -0.507 0.786 0.352
-791.291 41.8451 137.388 0.7495 0.4517 0.65 0.615 -0.439
-815.114 40.9697 100.942 0.7974 0.4514 0.651 0.641 -0.413
-850.455 44.2253 122.621 0.7983 0.4971 -0.495 0.814 0.306
-840.4 44.8379 140.861 0.7749 0.4985 -0.507 0.786 0.352
-815.114 40.9697 100.942 0.7974 0.4514 0.651 0.641 -0.413
-815.114 40.9697 100.942 0.7974 0.4514 0.651 0.641 -0.413
-791.291 41.8451 137.388 0.7495 0.4517 0.65 0.615 -0.439
-815.8 25.2646 102.133 0.7964 0.4336 0.539 -0.757 -0.364
-792.084 24.5383 138.653 0.7485 0.4338 0.546 -0.75 -0.369
-815.8 25.2646 102.133 0.7964 0.4336 0.539 -0.757 -0.364
-791.291 41.8451 137.388 0.7495 0.4517 0.65 0.615 -0.439
-792.084 24.5383 138.653 0.7485 0.4338 0.546 -0.75 -0.369
-831.82 28.102 159.126 0.7524 0.3853 -0.64 -0.631 0.443
-815.8 25.2646 102.133 0.7964 0.4336 0.539 -0.757 -0.364
-815.114 40.9697 100.942 0.7974 0.4514 0.651 0.641 -0.413
-847.951 43.5802 50.1405 0.8638 0.4512 0.642 0.651 -0.399
-850.455 44.2253 122.621 0.7983 0.4971 -0.495 0.814 0.306
-883.526 47.0165 77.0212 0.8608 0.5 -0.51 0.78 0.363
-850.455 44.2253 122.621 0.7983 0.4971 -0.495 0.814 0.306
-847.951 43.5802 50.1405 0.8638 0.4512 0.642 0.651 -0.399
-815.8 25.2646 102.133 0.7964 0.4336 0.539 -0.757 -0.364
-848.743 26.2734 51.4059 0.8623 0.4324 0.539 -0.765 -0.363
-815.114 40.9697 100.942 0.7974 0.4514 0.651 0.641 -0.413
-847.951 43.5802 50.1405 0.8638 0.4512 0.642 0.651 -0.399
-815.114 40.9697 100.942 0.7974 0.4514 0.651 0.641 -0.413
-848.743 26.2734 51.4059 0.8623 0.4324 0.539 -0.765 -0.363
-855.537 28.8283 122.606 0.8003 0.3845 -0.676 -0.6 0.426
-815.8 25.2646 102.133 0.7964 0.4336 0.539 -0.757 -0.364
-831.82 28.102 159.126 0.7524 0.3853 -0.64 -0.631 0.443
-815.8 25.2646 102.133 0.7964 0.4336 0.539 -0.757 -0.364
-855.537 28.8283 122.606 0.8003 0.3845 -0.676 -0.6 0.426
-848.743 26.2734 51.4059 0.8623 0.4324 0.539 -0.765 -0.363
-827.994 39.4777 156.577 0.7524 0.3721 -0.691 0.388 0.609
-840.4 44.8379 140.861 0.7744 0.3667 -0.507 0.786 0.352
-831.82 28.102 159.126 0.7524 0.3853 -0.64 -0.631 0.443
-840.4 44.8379 140.861 0.7744 0.3667 -0.507 0.786 0.352
-855.537 28.8283 122.606 0.8003 0.3845 -0.676 -0.6 0.426
-831.82 28.102 159.126 0.7524 0.3853 -0.64 -0.631 0.443
-840.4 44.8379 140.861 0.7744 0.3667 -0.507 0.786 0.352
-850.455 44.2253 122.621 0.7974 0.3669 -0.495 0.814 0.306
-855.537 28.8283 122.606 0.8003 0.3845 -0.676 -0.6 0.426
-850.455 44.2253 122.621 0.7974 0.3669 -0.495 0.814 0.306
-883.526 47.0165 77.0212 0.8589 0.3645 -0.51 0.78 0.363
-855.537 28.8283 122.606 0.8003 0.3845 -0.676 -0.6 0.426
-888.48 29.8371 71.8789 0.8667 0.3833 -0.65 -0.633 0.412
-848.743 26.2734 51.4059 0.8623 0.4324 0.539 -0.765 -0.363
-855.537 28.8283 122.606 0.8003 0.3845 -0.676 -0.6 0.426
-888.48 29.8371 71.8789 0.8667 0.3833 -0.65 -0.633 0.412
-855.537 28.8283 122.606 0.8003 0.3845 -0.676 -0.6 0.426
-883.526 47.0165 77.0212 0.8589 0.3645 -0.51 0.78 0.363
-881.04 27.2625 1.6736 0.9277 0.4312 0.539 -0.765 -0.363
-848.743 26.2734 51.4059 0.8623 0.4324 0.539 -0.765 -0.363
-888.48 29.8371 71.8789 0.8667 0.3833 -0.65 -0.633 0.412
-848.743 26.2734 51.4059 0.8623 0.4324 0.539 -0.765 -0.363
-881.04 27.2625 1.6736 0.9277 0.4312 0.539 -0.765 -0.363
-847.951 43.5802 50.1405 0.8638 0.4512 0.642 0.651 -0.399
-888.48 29.8371 71.8789 0.8667 0.3833 -0.65 -0.633 0.412
-883.526 47.0165 77.0212 0.8589 0.3645 -0.51 0.78 0.363
-920.776 30.8262 22.1465 0.9316 0.3821 -0.648 -0.642 0.402
-881.04 27.2625 1.6736 0.9277 0.4312 0.539 -0.765 -0.363
-888.48 29.8371 71.8789 0.8667 0.3833 -0.65 -0.633 0.412
-920.776 30.8262 22.1465 0.9316 0.3821 -0.648 -0.642 0.402
-926.49 42.8694 11.0512 0.9453 0.3687 -0.788 0.361 0.503
-920.776 30.8262 22.1465 0.9316 0.3821 -0.648 -0.642 0.402
-883.526 47.0165 77.0212 0.8589 0.3645 -0.51 0.78 0.363
-952.642 41.2282 -28.2741 0.9971 0.3704 -0.788 0.353 0.504
-953.073 31.8153 -27.5859 0.9966 0.3806 -0.676 -0.607 0.427
-926.49 42.8694 11.0512 0.9453 0.3687 -0.788 0.361 0.503
-920.776 30.8262 22.1465 0.9316 0.3821 -0.648 -0.642 0.402
-926.49 42.8694 11.0512 0.9453 0.3687 -0.788 0.361 0.503
-953.073 31.8153 -27.5859 0.9966 0.3806 -0.676 -0.607 0.427
-953.073 31.8153 -27.5859 0.9966 0.3806 -0.676 -0.607 0.427
-913.336 28.2515 -48.0588 0.9927 0.4297 0.525 -0.772 -0.354
-920.776 30.8262 22.1465 0.9316 0.3821 -0.648 -0.642 0.402
-881.04 27.2625 1.6736 0.9277 0.4312 0.539 -0.765 -0.363
-920.776 30.8262 22.1465 0.9316 0.3821 -0.648 -0.642 0.402
-913.336 28.2515 -48.0588 0.9927 0.4297 0.525 -0.772 -0.354
-888.653 43.3163 -12.9142 0.9463 0.4485 0.655 0.642 -0.406
-881.04 27.2625 1.6736 0.9277 0.4312 0.539 -0.765 -0.363
-913.336 28.2515 -48.0588 0.9927 0.4297 0.525 -0.772 -0.354
-881.04 27.2625 1.6736 0.9277 0.4312 0.539 -0.765 -0.363
-888.653 43.3163 -12.9142 0.9463 0.4485 0.655 0.642 -0.406
-847.951 43.5802 50.1405 0.8638 0.4512 0.642 0.651 -0.399
-913.336 28.2515 -48.0588 0.9927 0.4297 0.525 -0.772 -0.354
-912.544 45.5583 -49.3242 0.9941 0.4485 0.623 0.694 -0.361
-888.653 43.3163 -12.9142 0.9463 0.4485 0.655 0.642 -0.406
-924.082 46.6166 9.6152 0.9473 0.4949 -0.349 0.912 0.227
-847.951 43.5802 50.1405 0.8638 0.4512 0.642 0.651 -0.399
-888.653 43.3163 -12.9142 0.9463 0.4485 0.655 0.642 -0.406
-924.082 46.6166 9.6152 0.9473 0.4949 -0.349 0.912 0.227
-888.653 43.3163 -12.9142 0.9463 0.4485 0.655 0.642 -0.406
-912.544 45.5583 -49.3242 0.9941 0.4485 0.623 0.694 -0.361
-847.951 43.5802 50.1405 0.8638 0.4512 0.642 0.651 -0.399
-924.082 46.6166 9.6152 0.9473 0.4949 -0.349 0.912 0.227
-883.526 47.0165 77.0212 0.8608 0.5 -0.51 0.78 0.363
-947.827 48.7226 -31.1461 0.999 0.4917 -0.336 0.913 0.247
-924.082 46.6166 9.6152 0.9473 0.4949 -0.349 0.912 0.227
-912.544 45.5583 -49.3242 0.9941 0.4485 0.623 0.694 -0.361
-924.082 46.6166 9.6152 0.9473 0.4949 -0.349 0.912 0.227
-926.49 42.8694 11.0512 0.9473 0.5 -0.788 0.361 0.503
-883.526 47.0165 77.0212 0.8608 0.5 -0.51 0.78 0.363
-926.49 42.8694 11.0512 0.9473 0.5 -0.788 0.361 0.503
-924.082 46.6166 9.6152 0.9473 0.4949 -0.349 0.912 0.227
-947.827 48.7226 -31.1461 0.999 0.4917 -0.336 0.913 0.247
-952.642 41.2282 -28.2741 0.999 0.502 -0.788 0.353 0.504
-926.49 42.8694 11.0512 0.9473 0.5 -0.788 0.361 0.503
-947.827 48.7226 -31.1461 0.999 0.4917 -0.336 0.913 0.247
-863.422 509.255 -74.1529 0.1412 0.0974 -0.534 -0.114 -0.841
-839.355 506.968 -89.1225 0.1725 0.0974 -0.534 -0.114 -0.841
-866.418 504.009 -71.4197 0.1375 0.1036 -0.723 -0.085 -0.686
-841.064 322.624 -63.7083 0.1727 0.3047 -0.532 -0.075 -0.844
-866.418 504.009 -71.4197 0.1375 0.1036 -0.723 -0.085 -0.686
-839.355 506.968 -89.1225 0.1725 0.0974 -0.534 -0.114 -0.841
-868.208 321.885 -46.4741 0.1372 0.3083 -0.983 0.007 -0.175
-866.418 504.009 -71.4197 0.1375 0.1036 -0.723 -0.085 -0.686
-841.064 322.624 -63.7083 0.1727 0.3047 -0.532 -0.075 -0.844
-868.208 321.885 -46.4741 0.1372 0.3083 -0.983 0.007 -0.175
-841.064 322.624 -63.7083 0.1727 0.3047 -0.532 -0.075 -0.844
-853.746 47.8318 -42.1176 0.1729 0.6104 -0.531 -0.044 -0.846
-859.983 488.613 -58.7211 0.1242 0.1226 -0.413 0.115 0.904
-866.418 504.009 -71.4197 0.1375 0.1036 -0.723 -0.085 -0.686
-868.208 321.885 -46.4741 0.1372 0.3083 -0.983 0.007 -0.175
-853.746 47.8318 -42.1176 0.1729 0.6104 -0.531 -0.044 -0.846
-880.82 50.4045 -25.2774 0.1385 0.6104 -0.979 0.029 -0.188
-868.208 321.885 -46.4741 0.1372 0.3083 -0.983 0.007 -0.175
-868.208 321.885 -46.4741 0.1372 0.3083 -0.983 0.007 -0.175
-862.192 312.401 -38.5405 0.1262 0.3198 -0.194 0.11 0.972
-859.983 488.613 -58.7211 0.1242 0.1226 -0.413 0.115 0.904
-862.192 312.401 -38.5405 0.1262 0.3198 -0.194 0.11 0.972
-868.208 321.885 -46.4741 0.1372 0.3083 -0.983 0.007 -0.175
-880.82 50.4045 -25.2774 0.1385 0.6104 -0.979 0.029 -0.188
-859.983 488.613 -58.7211 0.1242 0.1226 -0.413 0.115 0.904
-862.192 312.401 -38.5405 0.1262 0.3198 -0.194 0.11 0.972
-832.818 483.798 -75.2797 0.0891 0.1257 0.5 0.102 0.863
-874.413 51.0236 -15.0709 0.1268 0.6104 -0.202 0.095 0.977
-862.192 312.401 -38.5405 0.1262 0.3198 -0.194 0.11 0.972
-880.82 50.4045 -25.2774 0.1385 0.6104 -0.979 0.029 -0.188
-835.326 308.804 -52.5796 0.0925 0.3215 0.505 0.07 0.861
-832.818 483.798 -75.2797 0.0891 0.1257 0.5 0.102 0.863
-862.192 312.401 -38.5405 0.1262 0.3198 -0.194 0.11 0.972
-862.192 312.401 -38.5405 0.1262 0.3198 -0.194 0.11 0.972
-874.413 51.0236 -15.0709 0.1268 0.6104 -0.202 0.095 0.977
-835.326 308.804 -52.5796 0.0925 0.3215 0.505 0.07 0.861
-847.247 48.4422 -31.9684 0.0925 0.6104 0.504 0.046 0.863
-835.326 308.804 -52.5796 0.0925 0.3215 0.505 0.07 0.861
-874.413 51.0236 -15.0709 0.1268 0.6104 -0.202 0.095 0.977
-776.282 55.3171 81.2788 0.0015 0.6201 0.531 0.044 0.846
-772.052 145.302 74.3325 0.0012 0.521 0.531 0.051 0.846
-800.349 57.604 96.2485 0.0327 0.6201 0.114 0.074 0.994
-796.119 147.589 89.3021 0.0328 0.521 -0.134 0.092 0.982
-800.349 57.604 96.2485 0.0327 0.6201 0.114 0.074 0.994
-772.052 145.302 74.3325 0.0012 0.521 0.531 0.051 0.846
-805.677 57.6656 94.4229 0.0391 0.6201 -0.56 0.099 0.82
-800.349 57.604 96.2485 0.0327 0.6201 0.114 0.074 0.994
-796.119 147.589 89.3021 0.0328 0.521 -0.134 0.092 0.982
-772.052 145.302 74.3325 0.0012 0.521 0.531 0.051 0.846
-763.869 376.722 52.1347 0.0007 0.2698 0.533 0.091 0.843
-796.119 147.589 89.3021 0.0328 0.521 -0.134 0.092 0.982
-789.958 532.413 47.1684 0.0355 0.1032 0.273 0.135 0.957
-763.869 376.722 52.1347 0.0007 0.2698 0.533 0.091 0.843
-762.883 529.84 30.3282 0.0005 0.1031 0.534 0.114 0.841
-790.943 379.294 68.9749 0.0354 0.2698 -0.201 0.119 0.975
-763.869 376.722 52.1347 0.0007 0.2698 0.533 0.091 0.843
-789.958 532.413 47.1684 0.0355 0.1032 0.273 0.135 0.957
-790.943 379.294 68.9749 0.0354 0.2698 -0.201 0.119 0.975
-796.119 147.589 89.3021 0.0328 0.521 -0.134 0.092 0.982
-763.869 376.722 52.1347 0.0007 0.2698 0.533 0.091 0.843
-796.352 507.669 40.668 0.0486 0.1285 -1.002 0.016 0.032
-790.943 379.294 68.9749 0.0354 0.2698 -0.201 0.119 0.975
-789.958 532.413 47.1684 0.0355 0.1032 0.273 0.135 0.957
-805.887 142.837 81.0733 0.0475 0.5259 -0.989 0.033 -0.144
-805.677 57.6656 94.4229 0.0391 0.6201 -0.56 0.099 0.82
-796.119 147.589 89.3021 0.0328 0.521 -0.134 0.092 0.982
-809.764 57.2707 87.9124 0.0476 0.6201 -0.988 0.049 -0.146
-805.677 57.6656 94.4229 0.0391 0.6201 -0.56 0.099 0.82
-805.887 142.837 81.0733 0.0475 0.5259 -0.989 0.033 -0.144
-798.24 362.256 59.8469 0.0488 0.2871 -0.986 -0 -0.164
-796.119 147.589 89.3021 0.0328 0.521 -0.134 0.092 0.982
-790.943 379.294 68.9749 0.0354 0.2698 -0.201 0.119 0.975
-796.119 147.589 89.3021 0.0328 0.521 -0.134 0.092 0.982
-798.24 362.256 59.8469 0.0488 0.2871 -0.986 -0 -0.164
-805.887 142.837 81.0733 0.0475 0.5259 -0.989 0.033 -0.144
-790.943 379.294 68.9749 0.0354 0.2698 -0.201 0.119 0.975
-796.352 507.669 40.668 0.0486 0.1285 -1.002 0.016 0.032
-798.24 362.256 59.8469 0.0488 0.2871 -0.986 -0 -0.164
-778.721 140.255 64.1758 0.0831 0.5259 -0.531 -0.051 -0.846
-809.764 57.2707 87.9124 0.0476 0.6201 -0.988 0.049 -0.146
-805.887 142.837 81.0733 0.0475 0.5259 -0.989 0.033 -0.144
-805.887 142.837 81.0733 0.0475 0.5259 -0.989 0.033 -0.144
-798.24 362.256 59.8469 0.0488 0.2871 -0.986 -0 -0.164
-778.721 140.255 64.1758 0.0831 0.5259 -0.531 -0.051 -0.846
-782.597 54.6893 71.0149 0.0829 0.6201 -0.531 -0.044 -0.846
-809.764 57.2707 87.9124 0.0476 0.6201 -0.988 0.049 -0.146
-778.721 140.255 64.1758 0.0831 0.5259 -0.531 -0.051 -0.846
-771.074 359.675 42.9494 0.0836 0.2871 -0.532 -0.083 -0.843
-778.721 140.255 64.1758 0.0831 0.5259 -0.531 -0.051 -0.846
-798.24 362.256 59.8469 0.0488 0.2871 -0.986 -0 -0.164
-798.24 362.256 59.8469 0.0488 0.2871 -0.986 -0 -0.164
-796.352 507.669 40.668 0.0486 0.1285 -1.002 0.016 0.032
-771.074 359.675 42.9494 0.0836 0.2871 -0.532 -0.083 -0.843
-769.185 505.087 23.7705 0.0838 0.1285 -0.533 -0.106 -0.841
-771.074 359.675 42.9494 0.0836 0.2871 -0.532 -0.083 -0.843
-796.352 507.669 40.668 0.0486 0.1285 -1.002 0.016 0.032
-791.738 325.948 34.1749 0.3857 0.123 0.306 -0.947 -0.097
-795.063 324.608 36.4153 0.3811 0.1215 0.578 -0.761 -0.286
-792.556 327.253 32.6272 0.3875 0.1211 -0.402 -0.396 -0.825
-789.151 56.2027 78.6484 0.3152 0.1102 -0.846 0.08 0.526
-783.847 172.18 69.3226 0.3164 0.2378 -0.846 0.08 0.526
-850.969 164.54 -37.4235 0.1779 0.2369 -0.846 0.08 0.526
-796.318 325.854 35.1507 0.3823 0.1193 -0.316 -0.372 -0.871
-795.063 324.608 36.4153 0.3811 0.1215 0.578 -0.761 -0.286
-798.453 321.927 36.9064 0.3767 0.1191 -0.154 -0.228 -0.961
-796.815 321.385 37.8554 0.3762 0.1212 0.813 -0.313 -0.484
-798.453 321.927 36.9064 0.3767 0.1191 -0.154 -0.228 -0.961
-795.063 324.608 36.4153 0.3811 0.1215 0.578 -0.761 -0.286
-796.318 325.854 35.1507 0.3823 0.1193 -0.316 -0.372 -0.871
-797.101 328.629 35.3555 0.3843 0.1168 -0.746 0.319 -0.59
-792.556 327.253 32.6272 0.3875 0.1211 -0.402 -0.396 -0.825
-792.464 330.146 32.2656 0.3901 0.1183 -0.593 0.398 -0.7
-792.556 327.253 32.6272 0.3875 0.1211 -0.402 -0.396 -0.825
-797.101 328.629 35.3555 0.3843 0.1168 -0.746 0.319 -0.59
-798.453 321.927 36.9064 0.3767 0.1191 -0.154 -0.228 -0.961
-800.001 323.293 37.7434 0.3774 0.1169 -0.887 0.091 -0.453
-796.318 325.854 35.1507 0.3823 0.1193 -0.316 -0.372 -0.871
-797.101 328.629 35.3555 0.3843 0.1168 -0.746 0.319 -0.59
-796.318 325.854 35.1507 0.3823 0.1193 -0.316 -0.372 -0.871
-800.001 323.293 37.7434 0.3774 0.1169 -0.887 0.091 -0.453
-796.815 321.385 37.8554 0.3762 0.1212 0.813 -0.313 -0.484
-799.588 289.064 40.8616 0.3403 0.1191 -0.142 -0.002 -0.99
-798.453 321.927 36.9064 0.3767 0.1191 -0.154 -0.228 -0.961
-796.815 321.385 37.8554 0.3762 0.1212 0.813 -0.313 -0.484
-797.911 289.667 41.6725 0.3406 0.1212 0.832 0.133 -0.538
-799.588 289.064 40.8616 0.3403 0.1191 -0.142 -0.002 -0.99
-797.911 289.667 41.6725 0.3406 0.1212 0.832 0.133 -0.538
-796.396 286.008 41.0603 0.3357 0.1214 0.638 0.614 -0.459
-799.588 289.064 40.8616 0.3403 0.1191 -0.142 -0.002 -0.99
-799.588 289.064 40.8616 0.3403 0.1191 -0.142 -0.002 -0.99
-801.215 288.117 41.9774 0.3396 0.1169 -0.893 -0.136 -0.428
-798.453 321.927 36.9064 0.3767 0.1191 -0.154 -0.228 -0.961
-798.453 321.927 36.9064 0.3767 0.1191 -0.154 -0.228 -0.961
-801.215 288.117 41.9774 0.3396 0.1169 -0.893 -0.136 -0.428
-800.001 323.293 37.7434 0.3774 0.1169 -0.887 0.091 -0.453
-797.743 284.606 40.1144 0.3345 0.1193 -0.291 0.175 -0.943
-799.588 289.064 40.8616 0.3403 0.1191 -0.142 -0.002 -0.99
-796.396 286.008 41.0603 0.3357 0.1214 0.638 0.614 -0.459
-799.588 289.064 40.8616 0.3403 0.1191 -0.142 -0.002 -0.99
-797.743 284.606 40.1144 0.3345 0.1193 -0.291 0.175 -0.943
-801.215 288.117 41.9774 0.3396 0.1169 -0.893 -0.136 -0.428
-796.396 286.008 41.0603 0.3357 0.1214 0.638 0.614 -0.459
-793.194 283.803 39.2454 0.3311 0.1229 0.39 0.858 -0.326
-797.743 284.606 40.1144 0.3345 0.1193 -0.291 0.175 -0.943
-794.112 282.228 38.0443 0.3293 0.121 -0.374 0.206 -0.902
-797.743 284.606 40.1144 0.3345 0.1193 -0.291 0.175 -0.943
-793.194 283.803 39.2454 0.3311 0.1229 0.39 0.858 -0.326
-797.743 284.606 40.1144 0.3345 0.1193 -0.291 0.175 -0.943
-794.112 282.228 38.0443 0.3293 0.121 -0.374 0.206 -0.902
-798.709 282.059 40.96 0.3325 0.1168 -0.775 -0.384 -0.499
-798.709 282.059 40.96 0.3325 0.1168 -0.775 -0.384 -0.499
-801.215 288.117 41.9774 0.3396 0.1169 -0.893 -0.136 -0.428
-797.743 284.606 40.1144 0.3345 0.1193 -0.291 0.175 -0.943
-794.22 279.332 38.3792 0.3267 0.1182 -0.636 -0.515 -0.57
-798.709 282.059 40.96 0.3325 0.1168 -0.775 -0.384 -0.499
-794.112 282.228 38.0443 0.3293 0.121 -0.374 0.206 -0.902
-794.22 279.332 38.3792 0.3267 0.1182 -0.636 -0.515 -0.57
-793.411 278.009 39.9154 0.3254 0.115 -0.351 -0.885 0.303
-798.709 282.059 40.96 0.3325 0.1168 -0.775 -0.384 -0.499
-801.215 288.117 41.9774 0.3396 0.1169 -0.893 -0.136 -0.428
-798.709 282.059 40.96 0.3325 0.1168 -0.775 -0.384 -0.499
-801.166 287.771 43.9043 0.3391 0.115 -0.827 -0.181 0.537
-801.215 288.117 41.9774 0.3396 0.1169 -0.893 -0.136 -0.428
-801.166 287.771 43.9043 0.3391 0.115 -0.827 -0.181 0.537
-800.001 323.293 37.7434 0.3774 0.1169 -0.887 0.091 -0.453
-798.709 282.059 40.96 0.3325 0.1168 -0.775 -0.384 -0.499
-793.411 278.009 39.9154 0.3254 0.115 -0.351 -0.885 0.303
-798.329 280.91 42.7516 0.3318 0.115 -0.562 -0.708 0.417
-798.329 280.91 42.7516 0.3318 0.115 -0.562 -0.708 0.417
-801.166 287.771 43.9043 0.3391 0.115 -0.827 -0.181 0.537
-798.709 282.059 40.96 0.3325 0.1168 -0.775 -0.384 -0.499
-798.329 280.91 42.7516 0.3318 0.115 -0.562 -0.708 0.417
-793.411 278.009 39.9154 0.3254 0.115 -0.351 -0.885 0.303
-796.982 282.311 43.6985 0.3325 0.1132 0.143 -0.254 0.956
-798.329 280.91 42.7516 0.3318 0.115 -0.562 -0.708 0.417
-796.982 282.311 43.6985 0.3325 0.1132 0.143 -0.254 0.956
-801.166 287.771 43.9043 0.3391 0.115 -0.827 -0.181 0.537
-792.493 279.583 41.1178 0.3267 0.1118 0.277 -0.385 0.879
-796.982 282.311 43.6985 0.3325 0.1132 0.143 -0.254 0.956
-793.411 278.009 39.9154 0.3254 0.115 -0.351 -0.885 0.303
-792.384 282.481 40.7827 0.3293 0.1089 0.632 0.359 0.692
-796.982 282.311 43.6985 0.3325 0.1132 0.143 -0.254 0.956
-792.493 279.583 41.1178 0.3267 0.1118 0.277 -0.385 0.879
-799.911 324.117 39.5294 0.3779 0.115 -0.808 0.367 0.469
-800.001 323.293 37.7434 0.3774 0.1169 -0.887 0.091 -0.453
-801.166 287.771 43.9043 0.3391 0.115 -0.827 -0.181 0.537
-800.001 323.293 37.7434 0.3774 0.1169 -0.887 0.091 -0.453
-799.911 324.117 39.5294 0.3779 0.115 -0.808 0.367 0.469
-797.101 328.629 35.3555 0.3843 0.1168 -0.746 0.319 -0.59
-801.166 287.771 43.9043 0.3391 0.115 -0.827 -0.181 0.537
-796.982 282.311 43.6985 0.3325 0.1132 0.143 -0.254 0.956
-799.488 288.374 44.7154 0.3396 0.113 0.008 0 1
-796.629 330.16 36.8246 0.385 0.115 -0.498 0.839 0.223
-797.101 328.629 35.3555 0.3843 0.1168 -0.746 0.319 -0.59
-799.911 324.117 39.5294 0.3779 0.115 -0.808 0.367 0.469
-797.101 328.629 35.3555 0.3843 0.1168 -0.746 0.319 -0.59
-796.629 330.16 36.8246 0.385 0.115 -0.498 0.839 0.223
-792.464 330.146 32.2656 0.3901 0.1183 -0.593 0.398 -0.7
-791.555 331.737 33.4513 0.3914 0.115 -0.265 0.966 0.07
-792.464 330.146 32.2656 0.3901 0.1183 -0.593 0.398 -0.7
-796.629 330.16 36.8246 0.385 0.115 -0.498 0.839 0.223
-799.911 324.117 39.5294 0.3779 0.115 -0.808 0.367 0.469
-801.166 287.771 43.9043 0.3391 0.115 -0.827 -0.181 0.537
-798.273 323.575 40.4785 0.3774 0.113 0.014 0.235 0.974
-799.488 288.374 44.7154 0.3396 0.113 0.008 0 1
-798.273 323.575 40.4785 0.3774 0.113 0.014 0.235 0.974
-801.166 287.771 43.9043 0.3391 0.115 -0.827 -0.181 0.537
-795.373 328.915 38.0901 0.3843 0.1132 0.176 0.465 0.87
-796.629 330.16 36.8246 0.385 0.115 -0.498 0.839 0.223
-799.911 324.117 39.5294 0.3779 0.115 -0.808 0.367 0.469
-796.629 330.16 36.8246 0.385 0.115 -0.498 0.839 0.223
-795.373 328.915 38.0901 0.3843 0.1132 0.176 0.465 0.87
-791.555 331.737 33.4513 0.3914 0.115 -0.265 0.966 0.07
-799.911 324.117 39.5294 0.3779 0.115 -0.808 0.367 0.469
-798.273 323.575 40.4785 0.3774 0.113 0.014 0.235 0.974
-795.373 328.915 38.0901 0.3843 0.1132 0.176 0.465 0.87
-790.736 330.434 35 0.3901 0.1117 0.334 0.552 0.767
-791.555 331.737 33.4513 0.3914 0.115 -0.265 0.966 0.07
-795.373 328.915 38.0901 0.3843 0.1132 0.176 0.465 0.87
-790.828 327.539 35.3619 0.3875 0.1089 0.6 -0.235 0.761
-790.736 330.434 35 0.3901 0.1117 0.334 0.552 0.767
-795.373 328.915 38.0901 0.3843 0.1132 0.176 0.465 0.87
-794.59 326.139 37.8856 0.3823 0.1107 0.678 -0.204 0.702
-790.828 327.539 35.3619 0.3875 0.1089 0.6 -0.235 0.761
-795.373 328.915 38.0901 0.3843 0.1132 0.176 0.465 0.87
-795.373 328.915 38.0901 0.3843 0.1132 0.176 0.465 0.87
-798.273 323.575 40.4785 0.3774 0.113 0.014 0.235 0.974
-794.59 326.139 37.8856 0.3823 0.1107 0.678 -0.204 0.702
-791.738 325.948 34.1749 0.3857 0.1069 0.306 -0.947 -0.097
-790.828 327.539 35.3619 0.3875 0.1089 0.6 -0.235 0.761
-794.59 326.139 37.8856 0.3823 0.1107 0.678 -0.204 0.702
-795.063 324.608 36.4153 0.3811 0.1085 0.578 -0.761 -0.286
-791.738 325.948 34.1749 0.3857 0.1069 0.306 -0.947 -0.097
-794.59 326.139 37.8856 0.3823 0.1107 0.678 -0.204 0.702
-798.273 323.575 40.4785 0.3774 0.113 0.014 0.235 0.974
-796.725 322.209 39.6416 0.3767 0.1108 0.814 -0.07 0.572
-794.59 326.139 37.8856 0.3823 0.1107 0.678 -0.204 0.702
-796.725 322.209 39.6416 0.3767 0.1108 0.814 -0.07 0.572
-795.063 324.608 36.4153 0.3811 0.1085 0.578 -0.761 -0.286
-794.59 326.139 37.8856 0.3823 0.1107 0.678 -0.204 0.702
-796.725 322.209 39.6416 0.3767 0.1108 0.814 -0.07 0.572
-798.273 323.575 40.4785 0.3774 0.113 0.014 0.235 0.974
-799.488 288.374 44.7154 0.3396 0.113 0.008 0 1
-796.725 322.209 39.6416 0.3767 0.1108 0.814 -0.07 0.572
-796.815 321.385 37.8554 0.3762 0.1087 0.813 -0.313 -0.484
-795.063 324.608 36.4153 0.3811 0.1085 0.578 -0.761 -0.286
-796.815 321.385 37.8554 0.3762 0.1087 0.813 -0.313 -0.484
-796.725 322.209 39.6416 0.3767 0.1108 0.814 -0.07 0.572
-797.86 289.322 43.5995 0.3403 0.1108 0.827 0.148 0.544
-797.86 289.322 43.5995 0.3403 0.1108 0.827 0.148 0.544
-796.725 322.209 39.6416 0.3767 0.1108 0.814 -0.07 0.572
-799.488 288.374 44.7154 0.3396 0.113 0.008 0 1
-797.911 289.667 41.6725 0.3406 0.1088 0.832 0.133 -0.538
-796.815 321.385 37.8554 0.3762 0.1087 0.813 -0.313 -0.484
-797.86 289.322 43.5995 0.3403 0.1108 0.827 0.148 0.544
-797.86 289.322 43.5995 0.3403 0.1108 0.827 0.148 0.544
-796.396 286.008 41.0603 0.3357 0.1085 0.638 0.614 -0.459
-797.911 289.667 41.6725 0.3406 0.1088 0.832 0.133 -0.538
-797.86 289.322 43.5995 0.3403 0.1108 0.827 0.148 0.544
-799.488 288.374 44.7154 0.3396 0.113 0.008 0 1
-796.016 284.861 42.8527 0.3345 0.1107 0.706 0.319 0.638
-796.016 284.861 42.8527 0.3345 0.1107 0.706 0.319 0.638
-796.396 286.008 41.0603 0.3357 0.1085 0.638 0.614 -0.459
-797.86 289.322 43.5995 0.3403 0.1108 0.827 0.148 0.544
-796.016 284.861 42.8527 0.3345 0.1107 0.706 0.319 0.638
-799.488 288.374 44.7154 0.3396 0.113 0.008 0 1
-796.982 282.311 43.6985 0.3325 0.1132 0.143 -0.254 0.956
-796.016 284.861 42.8527 0.3345 0.1107 0.706 0.319 0.638
-796.982 282.311 43.6985 0.3325 0.1132 0.143 -0.254 0.956
-792.384 282.481 40.7827 0.3293 0.1089 0.632 0.359 0.692
-796.016 284.861 42.8527 0.3345 0.1107 0.706 0.319 0.638
-792.384 282.481 40.7827 0.3293 0.1089 0.632 0.359 0.692
-796.396 286.008 41.0603 0.3357 0.1085 0.638 0.614 -0.459
-793.194 283.803 39.2454 0.3311 0.107 0.39 0.858 -0.326
-796.396 286.008 41.0603 0.3357 0.1085 0.638 0.614 -0.459
-792.384 282.481 40.7827 0.3293 0.1089 0.632 0.359 0.692
-795.674 495.324 -17.3244 0.6704 0.3494 0.009 -0.981 0.194
-769.185 505.087 23.7705 0.6157 0.3494 0.035 -0.974 0.205
-822.841 497.905 -0.4269 0.6704 0.3142 -0.611 -0.603 0.516
-795.674 495.324 -17.3244 0.6704 0.3494 0.009 -0.981 0.194
-822.841 497.905 -0.4269 0.6704 0.3142 -0.611 -0.603 0.516
-832.818 483.798 -75.2797 0.7466 0.3494 -0.017 -0.981 0.182
-769.185 505.087 23.7705 0.6157 0.3494 0.035 -0.974 0.205
-796.352 507.669 40.668 0.6157 0.314 -0.702 -0.472 0.529
-822.841 497.905 -0.4269 0.6704 0.3142 -0.611 -0.603 0.516
-859.983 488.613 -58.7211 0.7466 0.3142 -0.706 -0.446 0.549
-832.818 483.798 -75.2797 0.7466 0.3494 -0.017 -0.981 0.182
-822.841 497.905 -0.4269 0.6704 0.3142 -0.611 -0.603 0.516
-822.841 497.905 -0.4269 0.6704 0.3142 -0.611 -0.603 0.516
-796.352 507.669 40.668 0.6157 0.314 -0.702 -0.472 0.529
-818.781 521.415 -4.2402 0.667 0.2881 -0.583 0.787 0.213
-818.781 521.415 -4.2402 0.667 0.2881 -0.583 0.787 0.213
-859.983 488.613 -58.7211 0.7466 0.3142 -0.706 -0.446 0.549
-822.841 497.905 -0.4269 0.6704 0.3142 -0.611 -0.603 0.516
-796.352 507.669 40.668 0.6157 0.314 -0.702 -0.472 0.529
-789.958 532.413 47.1684 0.6011 0.2898 -0.494 0.861 0.107
-818.781 521.415 -4.2402 0.667 0.2881 -0.583 0.787 0.213
-859.983 488.613 -58.7211 0.7466 0.3142 -0.706 -0.446 0.549
-818.781 521.415 -4.2402 0.667 0.2881 -0.583 0.787 0.213
-866.418 504.009 -71.4197 0.7593 0.2949 -0.787 0.434 0.434
-762.883 529.84 30.3282 0.6021 0.2549 -0.026 0.982 -0.192
-818.781 521.415 -4.2402 0.667 0.2881 -0.583 0.787 0.213
-789.958 532.413 47.1684 0.6011 0.2898 -0.494 0.861 0.107
-863.422 509.255 -74.1529 0.7593 0.2878 -0.413 0.905 0.11
-866.418 504.009 -71.4197 0.7593 0.2949 -0.787 0.434 0.434
-818.781 521.415 -4.2402 0.667 0.2881 -0.583 0.787 0.213
-818.781 521.415 -4.2402 0.667 0.2881 -0.583 0.787 0.213
-762.883 529.84 30.3282 0.6021 0.2549 -0.026 0.982 -0.192
-794.714 519.128 -19.2099 0.6675 0.2568 -0.018 0.983 -0.179
-863.422 509.255 -74.1529 0.7593 0.2878 -0.413 0.905 0.11
-818.781 521.415 -4.2402 0.667 0.2881 -0.583 0.787 0.213
-839.355 506.968 -89.1225 0.7593 0.2568 -0.01 0.984 -0.166
-794.714 519.128 -19.2099 0.6675 0.2568 -0.018 0.983 -0.179
-839.355 506.968 -89.1225 0.7593 0.2568 -0.01 0.984 -0.166
-818.781 521.415 -4.2402 0.667 0.2881 -0.583 0.787 0.213
-790.736 330.434 35 0.5337 0.813 -0.846 0.096 0.525
-790.828 327.539 35.3619 0.5352 0.8101 -0.846 0.096 0.525
-789.935 331.836 36.0439 0.5347 0.8149 -0.138 0.441 0.892
-790.736 330.434 35 0.5337 0.813 -0.846 0.096 0.525
-789.935 331.836 36.0439 0.5347 0.8149 -0.138 0.441 0.892
-791.555 331.737 33.4513 0.5317 0.8135 -0.846 0.096 0.525
-790.828 327.539 35.3619 0.5352 0.8101 -0.846 0.096 0.525
-790.108 326.39 36.7246 0.5371 0.8096 -0.161 -0.192 0.967
-789.935 331.836 36.0439 0.5347 0.8149 -0.138 0.441 0.892
-790.108 326.39 36.7246 0.5371 0.8096 -0.161 -0.192 0.967
-790.828 327.539 35.3619 0.5352 0.8101 -0.846 0.096 0.525
-791.738 325.948 34.1749 0.5347 0.8081 -0.846 0.096 0.525
-791.476 334.285 33.1307 0.5303 0.8159 -0.463 0.867 0.199
-791.555 331.737 33.4513 0.5317 0.8135 -0.846 0.096 0.525
-789.935 331.836 36.0439 0.5347 0.8149 -0.138 0.441 0.892
-789.935 331.836 36.0439 0.5347 0.8149 -0.138 0.441 0.892
-790.108 326.39 36.7246 0.5371 0.8096 -0.161 -0.192 0.967
-788.339 331.625 35.0574 0.5356 0.8164 0.51 0.477 0.716
-789.935 331.836 36.0439 0.5347 0.8149 -0.138 0.441 0.892
-788.339 331.625 35.0574 0.5356 0.8164 0.51 0.477 0.716
-791.476 334.285 33.1307 0.5303 0.8159 -0.463 0.867 0.199
-788.512 326.179 35.7382 0.5391 0.8101 0.463 -0.327 0.824
-788.339 331.625 35.0574 0.5356 0.8164 0.51 0.477 0.716
-790.108 326.39 36.7246 0.5371 0.8096 -0.161 -0.192 0.967
-789.88 334.074 32.1443 0.5298 0.8169 0.047 0.991 -0.136
-791.476 334.285 33.1307 0.5303 0.8159 -0.463 0.867 0.199
-788.339 331.625 35.0574 0.5356 0.8164 0.51 0.477 0.716
-788.512 326.179 35.7382 0.5391 0.8101 0.463 -0.327 0.824
-790.108 326.39 36.7246 0.5371 0.8096 -0.161 -0.192 0.967
-790.224 323.189 33.5048 0.5366 0.8047 -0.047 -0.991 0.136
-791.476 334.285 33.1307 0.5303 0.8159 -0.463 0.867 0.199
-789.88 334.074 32.1443 0.5298 0.8169 0.047 0.991 -0.136
-791.589 331.082 29.9157 0.5273 0.8115 -0.463 0.319 -0.824
-791.82 323.4 34.4914 0.5356 0.8057 -0.522 -0.742 0.412
-790.224 323.189 33.5048 0.5366 0.8047 -0.047 -0.991 0.136
-790.108 326.39 36.7246 0.5371 0.8096 -0.161 -0.192 0.967
-791.738 325.948 34.1749 0.5347 0.8081 -0.846 0.096 0.525
-791.82 323.4 34.4914 0.5356 0.8057 -0.522 -0.742 0.412
-790.108 326.39 36.7246 0.5371 0.8096 -0.161 -0.192 0.967
-793.357 325.853 31.582 0.5317 0.8066 -0.92 -0.317 -0.235
-790.224 323.189 33.5048 0.5366 0.8047 -0.047 -0.991 0.136
-791.82 323.4 34.4914 0.5356 0.8057 -0.522 -0.742 0.412
-791.82 323.4 34.4914 0.5356 0.8057 -0.522 -0.742 0.412
-791.738 325.948 34.1749 0.5347 0.8081 -0.846 0.096 0.525
-793.357 325.853 31.582 0.5317 0.8066 -0.92 -0.317 -0.235
-791.761 325.643 30.5956 0.5308 0.8052 -0.506 -0.484 -0.709
-790.224 323.189 33.5048 0.5366 0.8047 -0.047 -0.991 0.136
-793.357 325.853 31.582 0.5317 0.8066 -0.92 -0.317 -0.235
-791.761 325.643 30.5956 0.5308 0.8052 -0.506 -0.484 -0.709
-793.357 325.853 31.582 0.5317 0.8066 -0.92 -0.317 -0.235
-791.589 331.082 29.9157 0.5273 0.8115 -0.463 0.319 -0.824
-792.556 327.253 32.6272 0.5322 0.8086 -0.846 0.096 0.525
-793.357 325.853 31.582 0.5317 0.8066 -0.92 -0.317 -0.235
-791.738 325.948 34.1749 0.5347 0.8081 -0.846 0.096 0.525
-792.556 327.253 32.6272 0.5322 0.8086 -0.846 0.096 0.525
-792.464 330.146 32.2656 0.5308 0.8115 -0.846 0.096 0.525
-793.357 325.853 31.582 0.5317 0.8066 -0.92 -0.317 -0.235
-793.185 331.292 30.9022 0.5288 0.812 -0.897 0.316 -0.31
-791.589 331.082 29.9157 0.5273 0.8115 -0.463 0.319 -0.824
-793.357 325.853 31.582 0.5317 0.8066 -0.92 -0.317 -0.235
-792.464 330.146 32.2656 0.5308 0.8115 -0.846 0.096 0.525
-793.185 331.292 30.9022 0.5288 0.812 -0.897 0.316 -0.31
-793.357 325.853 31.582 0.5317 0.8066 -0.92 -0.317 -0.235
-793.185 331.292 30.9022 0.5288 0.812 -0.897 0.316 -0.31
-791.476 334.285 33.1307 0.5303 0.8159 -0.463 0.867 0.199
-791.589 331.082 29.9157 0.5273 0.8115 -0.463 0.319 -0.824
-792.464 330.146 32.2656 0.5308 0.8115 -0.846 0.096 0.525
-791.555 331.737 33.4513 0.5317 0.8135 -0.846 0.096 0.525
-793.185 331.292 30.9022 0.5288 0.812 -0.897 0.316 -0.31
-791.555 331.737 33.4513 0.5317 0.8135 -0.846 0.096 0.525
-791.476 334.285 33.1307 0.5303 0.8159 -0.463 0.867 0.199
-793.185 331.292 30.9022 0.5288 0.812 -0.897 0.316 -0.31
-792.384 282.481 40.7827 0.5586 0.7241 -0.846 0.096 0.525
-792.493 279.583 41.1178 0.5601 0.7217 -0.846 0.096 0.525
-791.576 283.869 41.8402 0.5591 0.7261 -0.139 0.433 0.892
-791.576 283.869 41.8402 0.5591 0.7261 -0.139 0.433 0.892
-793.194 283.803 39.2454 0.5562 0.7246 -0.846 0.096 0.525
-792.384 282.481 40.7827 0.5586 0.7241 -0.846 0.096 0.525
-791.781 278.417 42.4705 0.562 0.7212 -0.162 -0.2 0.967
-791.576 283.869 41.8402 0.5591 0.7261 -0.139 0.433 0.892
-792.493 279.583 41.1178 0.5601 0.7217 -0.846 0.096 0.525
-792.493 279.583 41.1178 0.5601 0.7217 -0.846 0.096 0.525
-793.411 278.009 39.9154 0.5591 0.7197 -0.846 0.096 0.525
-791.781 278.417 42.4705 0.562 0.7212 -0.162 -0.2 0.967
-791.576 283.869 41.8402 0.5591 0.7261 -0.139 0.433 0.892
-793.1 286.354 38.9484 0.5552 0.7271 -0.459 0.868 0.206
-793.194 283.803 39.2454 0.5562 0.7246 -0.846 0.096 0.525
-791.576 283.869 41.8402 0.5591 0.7261 -0.139 0.433 0.892
-791.781 278.417 42.4705 0.562 0.7212 -0.162 -0.2 0.967
-789.981 283.658 40.8532 0.5601 0.7275 0.509 0.469 0.717
-791.576 283.869 41.8402 0.5591 0.7261 -0.139 0.433 0.892
-789.981 283.658 40.8532 0.5601 0.7275 0.509 0.469 0.717
-793.1 286.354 38.9484 0.5552 0.7271 -0.459 0.868 0.206
-790.185 278.207 41.4834 0.5635 0.7212 0.458 -0.335 0.818
-789.981 283.658 40.8532 0.5601 0.7275 0.509 0.469 0.717
-791.781 278.417 42.4705 0.562 0.7212 -0.162 -0.2 0.967
-791.504 286.143 37.9615 0.5542 0.7285 0.055 0.992 -0.123
-793.1 286.354 38.9484 0.5552 0.7271 -0.459 0.868 0.206
-789.981 283.658 40.8532 0.5601 0.7275 0.509 0.469 0.717
-791.912 275.248 39.2211 0.561 0.7158 -0.055 -0.992 0.123
-790.185 278.207 41.4834 0.5635 0.7212 0.458 -0.335 0.818
-791.781 278.417 42.4705 0.562 0.7212 -0.162 -0.2 0.967
-791.504 286.143 37.9615 0.5542 0.7285 0.055 0.992 -0.123
-793.229 283.18 35.7039 0.5518 0.7231 -0.463 0.327 -0.824
-793.1 286.354 38.9484 0.5552 0.7271 -0.459 0.868 0.206
-791.912 275.248 39.2211 0.561 0.7158 -0.055 -0.992 0.123
-791.781 278.417 42.4705 0.562 0.7212 -0.162 -0.2 0.967
-793.508 275.458 40.2082 0.5605 0.7173 -0.53 -0.751 0.399
-793.508 275.458 40.2082 0.5605 0.7173 -0.53 -0.751 0.399
-791.781 278.417 42.4705 0.562 0.7212 -0.162 -0.2 0.967
-793.411 278.009 39.9154 0.5591 0.7197 -0.846 0.096 0.525
-793.1 286.354 38.9484 0.5552 0.7271 -0.459 0.868 0.206
-794.825 283.391 36.6909 0.5537 0.7231 -0.897 0.324 -0.31
-793.194 283.803 39.2454 0.5562 0.7246 -0.846 0.096 0.525
-794.825 283.391 36.6909 0.5537 0.7231 -0.897 0.324 -0.31
-793.1 286.354 38.9484 0.5552 0.7271 -0.459 0.868 0.206
-793.229 283.18 35.7039 0.5518 0.7231 -0.463 0.327 -0.824
-794.112 282.228 38.0443 0.5557 0.7227 -0.846 0.096 0.525
-793.194 283.803 39.2454 0.5562 0.7246 -0.846 0.096 0.525
-794.825 283.391 36.6909 0.5537 0.7231 -0.897 0.324 -0.31
-793.229 283.18 35.7039 0.5518 0.7231 -0.463 0.327 -0.824
-795.029 277.947 37.3204 0.5562 0.7183 -0.92 -0.309 -0.235
-794.825 283.391 36.6909 0.5537 0.7231 -0.897 0.324 -0.31
-794.825 283.391 36.6909 0.5537 0.7231 -0.897 0.324 -0.31
-795.029 277.947 37.3204 0.5562 0.7183 -0.92 -0.309 -0.235
-794.112 282.228 38.0443 0.5557 0.7227 -0.846 0.096 0.525
-793.411 278.009 39.9154 0.5591 0.7197 -0.846 0.096 0.525
-795.029 277.947 37.3204 0.5562 0.7183 -0.92 -0.309 -0.235
-793.508 275.458 40.2082 0.5605 0.7173 -0.53 -0.751 0.399
-793.508 275.458 40.2082 0.5605 0.7173 -0.53 -0.751 0.399
-795.029 277.947 37.3204 0.5562 0.7183 -0.92 -0.309 -0.235
-791.912 275.248 39.2211 0.561 0.7158 -0.055 -0.992 0.123
-794.22 279.332 38.3792 0.5571 0.7202 -0.846 0.096 0.525
-795.029 277.947 37.3204 0.5562 0.7183 -0.92 -0.309 -0.235
-793.411 278.009 39.9154 0.5591 0.7197 -0.846 0.096 0.525
-794.22 279.332 38.3792 0.5571 0.7202 -0.846 0.096 0.525
-794.112 282.228 38.0443 0.5557 0.7227 -0.846 0.096 0.525
-795.029 277.947 37.3204 0.5562 0.7183 -0.92 -0.309 -0.235
-793.433 277.737 36.3333 0.5552 0.7168 -0.51 -0.477 -0.716
-791.912 275.248 39.2211 0.561 0.7158 -0.055 -0.992 0.123
-795.029 277.947 37.3204 0.5562 0.7183 -0.92 -0.309 -0.235
-793.433 277.737 36.3333 0.5552 0.7168 -0.51 -0.477 -0.716
-795.029 277.947 37.3204 0.5562 0.7183 -0.92 -0.309 -0.235
-793.229 283.18 35.7039 0.5518 0.7231 -0.463 0.327 -0.824
