Vertex Count: 1548

Data:

-164.456 82.112 -424.627 0.4233 0.8525 0.531 0.059 0.845
-138.623 79.6574 -440.695 0.4233 0.8862 0.531 0.059 0.845
-156.626 300.975 -445.475 0.1709 0.8525 0.533 0.091 0.843
-139.589 87.2645 -440.651 0.4651 0.5049 -0.877 0.047 0.482
-102.135 89.5364 -376.23 0.3877 0.5054 -0.877 0.047 0.482
-102.266 213.798 -385.953 0.3904 0.3657 -0.877 0.047 0.482
-126.672 314.727 -466.448 0.374 0.0157 -0.533 -0.091 -0.843
-127.657 208.314 -454.796 0.2507 0.0188 -0.533 -0.091 -0.843
-134.809 315.103 -461.336 0.3735 0.00520003 -0.533 -0.091 -0.843
-135.803 208.689 -449.697 0.25 0.00819999 -0.533 -0.091 -0.843
-134.809 315.103 -461.336 0.3735 0.00520003 -0.533 -0.091 -0.843
-127.657 208.314 -454.796 0.2507 0.0188 -0.533 -0.091 -0.843
-61.7109 433.631 -359.109 0.9907 0.0345 0.534 0.122 0.84
-52.5342 326.678 -349.16 0.8726 0.0251 0.534 0.122 0.84
-53.5813 433.272 -364.236 0.9912 0.024 0.534 0.122 0.84
-60.672 327.035 -344.046 0.8726 0.0357 0.534 0.122 0.84
-52.5342 326.678 -349.16 0.8726 0.0251 0.534 0.122 0.84
-61.7109 433.631 -359.109 0.9907 0.0345 0.534 0.122 0.84
-47.627 434.454 -357.772 0.7397 0.0739 0.534 0.122 0.84
-44.33 327.444 -344.06 0.6216 0.0721 0.534 0.122 0.84
-45.38 434.355 -359.189 0.7397 0.0709 0.534 0.122 0.84
-46.5793 327.542 -342.646 0.6216 0.0751 0.534 0.122 0.84
-44.33 327.444 -344.06 0.6216 0.0721 0.534 0.122 0.84
-47.627 434.454 -357.772 0.7397 0.0739 0.534 0.122 0.84
-51.3855 217.707 -338.653 0.8564 0.7495 0.741 -0.079 -0.665
-50.2849 326.58 -350.574 0.8564 0.8696 0.741 -0.079 -0.665
-45.4364 218.245 -332.099 0.8472 0.7495 0.741 -0.079 -0.665
-44.33 327.444 -344.06 0.8472 0.8696 0.741 -0.079 -0.665
-45.4364 218.245 -332.099 0.8472 0.7495 0.741 -0.079 -0.665
-50.2849 326.58 -350.574 0.8564 0.8696 0.741 -0.079 -0.665
-57.6438 90.9907 -327.729 0.1204 0.0688 -0.742 0.071 0.666
-51.7078 91.1898 -321.144 0.1204 0.0597 -0.742 0.071 0.666
-53.6372 217.805 -337.243 0.26 0.0688 -0.742 0.071 0.666
-47.6881 218.343 -330.689 0.26 0.0597 -0.742 0.071 0.666
-53.6372 217.805 -337.243 0.26 0.0688 -0.742 0.071 0.666
-51.7078 91.1898 -321.144 0.1204 0.0597 -0.742 0.071 0.666
-65.7987 91.3448 -322.642 0.6123 0.0383 0.53 0.028 0.848
-61.5517 -4.5885 -321.98 0.5078 0.0288 0.53 0.028 0.848
-57.6438 90.9907 -327.729 0.6128 0.0278 0.53 0.028 0.848
-69.7066 -4.2345 -316.893 0.5073 0.0393 0.53 0.028 0.848
-61.5517 -4.5885 -321.98 0.5078 0.0288 0.53 0.028 0.848
-65.7987 91.3448 -322.642 0.6123 0.0383 0.53 0.028 0.848
-127.841 418.896 -481.273 0.4954 0.0127 0.35 -0.13 -0.929
-123.725 419.296 -479.763 0.4956 0.0174 0.35 -0.13 -0.929
-122.554 314.996 -464.915 0.3743 0.0204 0.35 -0.13 -0.929
-122.554 314.996 -464.915 0.3743 0.0204 0.35 -0.13 -0.929
-126.672 314.727 -466.448 0.374 0.0157 0.35 -0.13 -0.929
-127.841 418.896 -481.273 0.4954 0.0127 0.35 -0.13 -0.929
-55.6157 -4.3894 -315.395 0.2563 0.0787 0.53 0.028 0.848
-53.3617 -4.4873 -316.801 0.2566 0.0758 0.53 0.028 0.848
-51.7078 91.1898 -321.144 0.3616 0.0776 0.53 0.028 0.848
-49.4537 91.092 -322.55 0.3616 0.0748 0.53 0.028 0.848
-51.7078 91.1898 -321.144 0.3616 0.0776 0.53 0.028 0.848
-53.3617 -4.4873 -316.801 0.2566 0.0758 0.53 0.028 0.848
-52.5342 326.678 -349.16 0.3804 0.0688 -0.741 0.087 0.665
-46.5793 327.542 -342.646 0.3804 0.0597 -0.741 0.087 0.665
-53.5813 433.272 -364.236 0.4985 0.0688 -0.741 0.087 0.665
-47.627 434.454 -357.772 0.4985 0.0597 -0.741 0.087 0.665
-53.5813 433.272 -364.236 0.4985 0.0688 -0.741 0.087 0.665
-46.5793 327.542 -342.646 0.3804 0.0597 -0.741 0.087 0.665
-102.135 89.5364 -376.23 0.3877 0.5054 -0.839 0.058 0.542
-103.003 -6.0757 -370.143 0.386 0.6104 -0.839 0.058 0.542
-65.7987 91.3448 -322.642 0.3206 0.5049 -0.839 0.058 0.542
-69.7066 -4.2345 -316.893 0.3208 0.6104 -0.839 0.058 0.542
-65.7987 91.3448 -322.642 0.3206 0.5049 -0.839 0.058 0.542
-103.003 -6.0757 -370.143 0.386 0.6104 -0.839 0.058 0.542
-23.3041 71.5651 -248.022 0.7524 0.584 -0.934 0.085 0.339
-1.8054 4.1259 -172.602 0.8291 0.5049 -0.934 0.085 0.339
3.6881 75.5764 -178.32 0.8301 0.5835 -0.934 0.085 0.339
-27.5757 -0.2417 -244.186 0.7495 0.5054 -0.934 0.085 0.339
-1.8054 4.1259 -172.602 0.8291 0.5049 -0.934 0.085 0.339
-23.3041 71.5651 -248.022 0.7524 0.584 -0.934 0.085 0.339
31.4044 462.927 -229.634 0.0114 0.0541 0.318 0.147 0.937
22.2618 464.167 -226.751 0.0103 0.0436 0.318 0.147 0.937
19.9172 361.847 -209.909 0.1182 0.0384 0.318 0.147 0.937
19.9172 361.847 -209.909 0.1182 0.0384 0.318 0.147 0.937
29.0448 360.528 -212.803 0.1193 0.0489 0.318 0.147 0.937
31.4044 462.927 -229.634 0.0114 0.0541 0.318 0.147 0.937
-13.3664 433.401 -357.886 0.5181 0.6963 0.983 -0.081 -0.157
-16.4293 371.278 -345.096 0.4492 0.6968 0.983 -0.081 -0.157
-14.861 431.754 -366.41 0.5181 0.6865 0.983 -0.081 -0.157
-17.9268 369.803 -353.651 0.4492 0.6875 0.983 -0.081 -0.157
-14.861 431.754 -366.41 0.5181 0.6865 0.983 -0.081 -0.157
-16.4293 371.278 -345.096 0.4492 0.6968 0.983 -0.081 -0.157
-35.0511 89.6047 -320.59 0.6982 0.0917 -0.98 0.073 0.164
-39.6782 -5.3012 -305.983 0.8032 0.0999 -0.98 0.073 0.164
-33.5638 90.3394 -311.938 0.6982 0.101 -0.98 0.073 0.164
-41.1655 -6.0359 -314.635 0.8037 0.0906 -0.98 0.073 0.164
-39.6782 -5.3012 -305.983 0.8032 0.0999 -0.98 0.073 0.164
-35.0511 89.6047 -320.59 0.6982 0.0917 -0.98 0.073 0.164
23.3949 230.467 -195.717 0.2559 0.0424 0.314 0.069 0.944
14.288 231.885 -192.804 0.2546 0.0319 0.314 0.069 0.944
3.6881 75.5764 -178.32 0.4204 0.0239 0.314 0.069 0.944
3.6881 75.5764 -178.32 0.4204 0.0239 0.314 0.069 0.944
12.776 74.1082 -181.255 0.4214 0.0344 0.314 0.069 0.944
23.3949 230.467 -195.717 0.2559 0.0424 0.314 0.069 0.944
-20.4509 370.151 -352.851 0.3896 0.0928 -0.983 0.089 0.156
-23.8641 292.765 -329.739 0.4766 0.1033 -0.983 0.089 0.156
-18.9534 371.626 -344.296 0.3894 0.102 -0.983 0.089 0.156
-25.3624 291.509 -338.328 0.4768 0.0941 -0.983 0.089 0.156
-23.8641 292.765 -329.739 0.4766 0.1033 -0.983 0.089 0.156
-20.4509 370.151 -352.851 0.3896 0.0928 -0.983 0.089 0.156
50.2578 -17.2596 -184.78 0.8223 0.1378 0.846 -0.08 -0.526
-130.956 -27.28 -474.588 0.468 0.1378 0.846 -0.08 -0.526
51.2651 1.7712 -186.068 0.8223 0.1169 0.846 -0.08 -0.526
-129.949 -8.2492 -475.876 0.468 0.1169 0.846 -0.08 -0.526
51.2651 1.7712 -186.068 0.8223 0.1169 0.846 -0.08 -0.526
-130.956 -27.28 -474.588 0.468 0.1378 0.846 -0.08 -0.526
-167.372 -4.6932 -452.599 0.5972 0.6104 -0.846 0.08 0.526
-168.379 -23.7241 -451.311 0.5762 0.6104 -0.846 0.08 0.526
13.8423 5.3272 -162.791 0.5972 0.2559 -0.846 0.08 0.526
12.835 -13.7037 -161.503 0.5762 0.2559 -0.846 0.08 0.526
13.8423 5.3272 -162.791 0.5972 0.2559 -0.846 0.08 0.526
-168.379 -23.7241 -451.311 0.5762 0.6104 -0.846 0.08 0.526
50.2578 -17.2596 -184.78 0.5708 0.6104 -0.054 -0.996 0.066
12.835 -13.7037 -161.503 0.522 0.6104 -0.054 -0.996 0.066
-130.956 -27.28 -474.588 0.5708 0.2559 -0.054 -0.996 0.066
-168.379 -23.7241 -451.311 0.522 0.2559 -0.054 -0.996 0.066
-130.956 -27.28 -474.588 0.5708 0.2559 -0.054 -0.996 0.066
12.835 -13.7037 -161.503 0.522 0.6104 -0.054 -0.996 0.066
-129.949 -8.2492 -475.876 0.2262 0.0873 -0.53 -0.028 -0.848
-130.956 -27.28 -474.588 0.2262 0.1083 -0.53 -0.028 -0.848
-167.372 -4.6932 -452.599 0.1777 0.0873 -0.53 -0.028 -0.848
-168.379 -23.7241 -451.311 0.1777 0.1083 -0.53 -0.028 -0.848
-167.372 -4.6932 -452.599 0.1777 0.0873 -0.53 -0.028 -0.848
-130.956 -27.28 -474.588 0.2262 0.1083 -0.53 -0.028 -0.848
-129.949 -8.2492 -475.876 0.468 0.2559 0.054 0.996 -0.066
-167.372 -4.6932 -452.599 0.5166 0.2559 0.054 0.996 -0.066
13.8423 5.3272 -162.791 0.5166 0.6104 0.054 0.996 -0.066
51.2651 1.7712 -186.068 0.468 0.6104 0.054 0.996 -0.066
-129.949 -8.2492 -475.876 0.468 0.2559 0.054 0.996 -0.066
13.8423 5.3272 -162.791 0.5166 0.6104 0.054 0.996 -0.066
51.2651 1.7712 -186.068 0.6416 0.3601 0.53 0.028 0.848
12.835 -13.7037 -161.503 0.6206 0.4084 0.53 0.028 0.848
50.2578 -17.2596 -184.78 0.6206 0.3601 0.53 0.028 0.848
12.835 -13.7037 -161.503 0.6206 0.4084 0.53 0.028 0.848
51.2651 1.7712 -186.068 0.6416 0.3601 0.53 0.028 0.848
13.8423 5.3272 -162.791 0.6416 0.4084 0.53 0.028 0.848
27.1974 79.9242 -174.145 0.4316 0.6606 0.846 -0.08 -0.526
20.7076 -42.6904 -165.848 0.5664 0.6606 0.846 -0.08 -0.526
20.1094 73.4684 -184.555 0.4382 0.6743 0.846 -0.08 -0.526
13.9414 -43.0645 -176.669 0.5664 0.6743 0.846 -0.08 -0.526
20.1094 73.4684 -184.555 0.4382 0.6743 0.846 -0.08 -0.526
20.7076 -42.6904 -165.848 0.5664 0.6606 0.846 -0.08 -0.526
-138.623 79.6574 -440.695 0.4216 0.9858 0.846 -0.08 -0.526
-152.352 -52.2598 -442.614 0.5664 0.999 0.846 -0.08 -0.526
-145.026 86.1484 -451.98 0.4141 0.999 0.846 -0.08 -0.526
-145.585 -51.8857 -431.793 0.5664 0.9858 0.846 -0.08 -0.526
-152.352 -52.2598 -442.614 0.5664 0.999 0.846 -0.08 -0.526
-138.623 79.6574 -440.695 0.4216 0.9858 0.846 -0.08 -0.526
-164.456 82.112 -424.627 0.4233 0.8525 0.53 0.028 0.848
-145.585 -51.8857 -431.793 0.5679 0.8862 0.53 0.028 0.848
-138.623 79.6574 -440.695 0.4233 0.8862 0.53 0.028 0.848
-171.418 -49.4311 -415.725 0.5679 0.8525 0.53 0.028 0.848
-145.585 -51.8857 -431.793 0.5679 0.8862 0.53 0.028 0.848
-164.456 82.112 -424.627 0.4233 0.8525 0.53 0.028 0.848
-156.219 417.643 -462.643 0.0349 0.8525 0.531 0.137 0.832
-156.142 406.275 -460.782 0.0482 0.8525 0.531 0.137 0.832
-130.387 415.189 -478.711 0.0349 0.8862 0.531 0.137 0.832
-130.309 403.82 -476.85 0.0482 0.8862 0.531 0.137 0.832
-130.387 415.189 -478.711 0.0349 0.8862 0.531 0.137 0.832
-156.142 406.275 -460.782 0.0482 0.8525 0.531 0.137 0.832
-127.841 418.896 -481.273 0.4954 0.0127 -0.534 -0.122 -0.84
-126.672 314.727 -466.448 0.374 0.0157 -0.095 -0.13 -0.985
-135.97 419.275 -476.149 0.4949 0.00220001 -0.534 -0.122 -0.84
-134.809 315.103 -461.336 0.3735 0.00520003 -0.534 -0.122 -0.84
-135.97 419.275 -476.149 0.4949 0.00220001 -0.534 -0.122 -0.84
-126.672 314.727 -466.448 0.374 0.0157 -0.095 -0.13 -0.985
-45.38 434.355 -359.189 0.8472 0.9883 0.741 -0.087 -0.665
-44.33 327.444 -344.06 0.8472 0.8696 0.741 -0.087 -0.665
-51.3343 433.173 -365.653 0.8564 0.9878 0.741 -0.087 -0.665
-50.2849 326.58 -350.574 0.8564 0.8696 0.777 -0.085 -0.622
-51.3343 433.173 -365.653 0.8564 0.9878 0.741 -0.087 -0.665
-44.33 327.444 -344.06 0.8472 0.8696 0.741 -0.087 -0.665
-52.5342 326.678 -349.16 0.3804 0.0688 -0.741 0.079 0.665
-47.6881 218.343 -330.689 0.26 0.0597 -0.741 0.079 0.665
-46.5793 327.542 -342.646 0.3804 0.0597 -0.741 0.079 0.665
-53.6372 217.805 -337.243 0.26 0.0688 -0.741 0.079 0.665
-47.6881 218.343 -330.689 0.26 0.0597 -0.741 0.079 0.665
-52.5342 326.678 -349.16 0.3804 0.0688 -0.741 0.079 0.665
29.0448 360.528 -212.803 0.1193 0.0489 0.316 0.108 0.94
19.9172 361.847 -209.909 0.1182 0.0384 0.316 0.108 0.94
14.288 231.885 -192.804 0.2546 0.0319 0.316 0.108 0.94
14.288 231.885 -192.804 0.2546 0.0319 0.316 0.108 0.94
23.3949 230.467 -195.717 0.2559 0.0424 0.316 0.108 0.94
29.0448 360.528 -212.803 0.1193 0.0489 0.316 0.108 0.94
-15.893 433.736 -357.088 0.5034 0.00330001 -0.319 -0.179 -0.935
-18.9534 371.626 -344.296 0.5723 0.00470001 -0.319 -0.179 -0.935
-25.0342 434.945 -354.199 0.5024 0.0138 -0.319 -0.179 -0.935
-28.0857 372.887 -341.4 0.5713 0.0152 -0.319 -0.179 -0.935
-25.0342 434.945 -354.199 0.5024 0.0138 -0.319 -0.179 -0.935
-18.9534 371.626 -344.296 0.5723 0.00470001 -0.319 -0.179 -0.935
-14.861 431.754 -366.41 0.9956 0.0468 -0.319 -0.179 -0.935
-17.9268 369.803 -353.651 0.9263 0.0479 -0.319 -0.179 -0.935
-17.3876 432.088 -365.612 0.9956 0.0439 -0.319 -0.179 -0.935
-20.4509 370.151 -352.851 0.9268 0.045 -0.319 -0.179 -0.935
-17.3876 432.088 -365.612 0.9956 0.0439 -0.319 -0.179 -0.935
-17.9268 369.803 -353.651 0.9263 0.0479 -0.319 -0.179 -0.935
-16.4293 371.278 -345.096 0.4492 0.6968 0.962 -0.104 -0.263
-21.3434 292.399 -330.542 0.3621 0.6982 0.983 -0.089 -0.156
-17.9268 369.803 -353.651 0.4492 0.6875 0.983 -0.089 -0.156
-22.8416 291.143 -339.132 0.3618 0.689 0.983 -0.089 -0.156
-17.9268 369.803 -353.651 0.4492 0.6875 0.983 -0.089 -0.156
-21.3434 292.399 -330.542 0.3621 0.6982 0.983 -0.089 -0.156
-17.3876 432.088 -365.612 0.3206 0.0917 -0.983 0.081 0.157
-18.9534 371.626 -344.296 0.3894 0.102 -0.983 0.081 0.157
-15.893 433.736 -357.088 0.3203 0.101 -0.983 0.081 0.157
-20.4509 370.151 -352.851 0.3896 0.0928 -0.983 0.081 0.157
-18.9534 371.626 -344.296 0.3894 0.102 -0.983 0.081 0.157
-17.3876 432.088 -365.612 0.3206 0.0917 -0.983 0.081 0.157
-15.3862 225.797 -258.293 0.7573 0.7505 -0.92 0.088 0.377
3.6881 75.5764 -178.32 0.8301 0.5835 -0.92 0.088 0.377
14.288 231.885 -192.804 0.8325 0.7495 -0.92 0.088 0.377
-23.3041 71.5651 -248.022 0.7524 0.584 -0.937 0.078 0.351
3.6881 75.5764 -178.32 0.8301 0.5835 -0.92 0.088 0.377
-15.3862 225.797 -258.293 0.7573 0.7505 -0.92 0.088 0.377
-25.3624 291.509 -338.328 0.4768 0.0941 -0.98 0.058 0.165
-33.5638 90.3394 -311.938 0.6982 0.101 -0.98 0.058 0.165
-23.8641 292.765 -329.739 0.4766 0.1033 -0.98 0.058 0.165
-35.0511 89.6047 -320.59 0.6982 0.0917 -0.98 0.058 0.165
-33.5638 90.3394 -311.938 0.6982 0.101 -0.98 0.058 0.165
-25.3624 291.509 -338.328 0.4768 0.0941 -0.98 0.058 0.165
12.776 74.1082 -181.255 0.4214 0.0344 0.314 0.053 0.945
3.6881 75.5764 -178.32 0.4204 0.0239 0.314 0.053 0.945
-1.8054 4.1259 -172.602 0.499 0.0201 0.314 0.053 0.945
-1.8054 4.1259 -172.602 0.499 0.0201 0.314 0.053 0.945
7.2826 2.6577 -175.537 0.5 0.0306 0.314 0.053 0.945
12.776 74.1082 -181.255 0.4214 0.0344 0.314 0.053 0.945
-33.5638 90.3394 -311.938 0.8809 0.00819999 -0.313 -0.038 -0.946
-48.7662 -3.8331 -303.048 0.9858 0.0197 -0.313 -0.038 -0.946
-42.6518 91.8075 -309.003 0.8804 0.0188 -0.313 -0.038 -0.946
-39.6782 -5.3012 -305.983 0.9863 0.00910002 -0.313 -0.038 -0.946
-48.7662 -3.8331 -303.048 0.9858 0.0197 -0.313 -0.038 -0.946
-33.5638 90.3394 -311.938 0.8809 0.00819999 -0.313 -0.038 -0.946
-32.5392 89.1989 -321.401 0.6177 0.0525 -0.313 -0.038 -0.946
-41.1655 -6.0359 -314.635 0.5122 0.0512 -0.313 -0.038 -0.946
-35.0511 89.6047 -320.59 0.6177 0.0496 -0.313 -0.038 -0.946
-38.6535 -6.4417 -315.446 0.5122 0.0541 -0.313 -0.038 -0.946
-41.1655 -6.0359 -314.635 0.5122 0.0512 -0.313 -0.038 -0.946
-32.5392 89.1989 -321.401 0.6177 0.0525 -0.313 -0.038 -0.946
-48.7662 -3.8331 -303.048 0.6846 0.5054 -0.943 0.077 0.327
-23.3041 71.5651 -248.022 0.7524 0.584 -0.937 0.078 0.351
-42.6518 91.8075 -309.003 0.687 0.6108 -0.943 0.077 0.327
-48.7662 -3.8331 -303.048 0.6846 0.5054 -0.943 0.077 0.327
-27.5757 -0.2417 -244.186 0.7495 0.5054 -0.943 0.077 0.327
-23.3041 71.5651 -248.022 0.7524 0.584 -0.937 0.078 0.351
-143.496 -8.3148 -434.902 0.4651 0.6104 -0.856 0.056 0.515
-102.135 89.5364 -376.23 0.3877 0.5054 -0.835 0.058 0.548
-139.589 87.2645 -440.651 0.4651 0.5049 -0.856 0.056 0.515
-143.496 -8.3148 -434.902 0.4651 0.6104 -0.856 0.056 0.515
-103.003 -6.0757 -370.143 0.386 0.6104 -0.856 0.056 0.515
-102.135 89.5364 -376.23 0.3877 0.5054 -0.835 0.058 0.548
-57.6438 90.9907 -327.729 0.1204 0.0688 -0.742 0.071 0.666
-55.6157 -4.3894 -315.395 0.0153 0.0597 -0.742 0.071 0.666
-51.7078 91.1898 -321.144 0.1204 0.0597 -0.742 0.071 0.666
-61.5517 -4.5885 -321.98 0.0153 0.0688 -0.742 0.071 0.666
-55.6157 -4.3894 -315.395 0.0153 0.0597 -0.742 0.071 0.666
-57.6438 90.9907 -327.729 0.1204 0.0688 -0.742 0.071 0.666
-91.7258 89.0845 -382.723 0.9238 0.6094 0.847 -0.057 -0.528
-131.228 -8.6639 -438.422 0.9971 0.5044 0.856 -0.056 -0.515
-127.32 86.9154 -444.17 0.9976 0.6099 0.856 -0.056 -0.515
-92.5943 -6.5276 -376.636 0.9219 0.5044 0.847 -0.057 -0.528
-131.228 -8.6639 -438.422 0.9971 0.5044 0.856 -0.056 -0.515
-91.7258 89.0845 -382.723 0.9238 0.6094 0.847 -0.057 -0.528
-55.3897 90.8929 -329.135 0.8564 0.6094 0.791 -0.06 -0.604
-92.5943 -6.5276 -376.636 0.9219 0.5044 0.847 -0.057 -0.528
-91.7258 89.0845 -382.723 0.9238 0.6094 0.847 -0.057 -0.528
-59.2977 -4.6864 -323.386 0.8564 0.5044 0.791 -0.06 -0.604
-92.5943 -6.5276 -376.636 0.9219 0.5044 0.847 -0.057 -0.528
-55.3897 90.8929 -329.135 0.8564 0.6094 0.791 -0.06 -0.604
-59.2977 -4.6864 -323.386 0.8564 0.5044 0.791 -0.06 -0.604
-55.3897 90.8929 -329.135 0.8564 0.6094 0.791 -0.06 -0.604
-53.3617 -4.4873 -316.801 0.8477 0.5044 0.742 -0.071 -0.666
-49.4537 91.092 -322.55 0.8472 0.6099 0.742 -0.071 -0.666
-53.3617 -4.4873 -316.801 0.8477 0.5044 0.742 -0.071 -0.666
-55.3897 90.8929 -329.135 0.8564 0.6094 0.791 -0.06 -0.604
-153.302 418.423 -458.072 0.4739 0.2412 0.01 -0.984 0.166
-156.219 417.643 -462.643 0.468 0.2412 0.01 -0.984 0.166
-130.387 415.189 -478.711 0.468 0.2076 0.01 -0.984 0.166
-130.387 415.189 -478.711 0.468 0.2076 0.01 -0.984 0.166
-127.469 415.969 -474.14 0.4739 0.2076 0.01 -0.984 0.166
-153.302 418.423 -458.072 0.4739 0.2412 0.01 -0.984 0.166
-127.469 415.969 -474.14 0.4739 0.2076 0.01 -0.984 0.166
1.7064 459.861 -215.195 0.7754 0.2412 0.01 -0.984 0.166
-153.302 418.423 -458.072 0.4739 0.2412 0.01 -0.984 0.166
1.7064 459.861 -215.195 0.7754 0.2412 0.01 -0.984 0.166
-127.469 415.969 -474.14 0.4739 0.2076 0.01 -0.984 0.166
27.539 457.407 -231.263 0.7754 0.2076 0.01 -0.984 0.166
29.9107 458.041 -227.547 0.7803 0.2076 0.01 -0.984 0.166
1.7064 459.861 -215.195 0.7754 0.2412 0.01 -0.984 0.166
27.539 457.407 -231.263 0.7754 0.2076 0.01 -0.984 0.166
4.078 460.495 -211.479 0.7803 0.2412 0.01 -0.984 0.166
1.7064 459.861 -215.195 0.7754 0.2412 0.01 -0.984 0.166
29.9107 458.041 -227.547 0.7803 0.2076 0.01 -0.984 0.166
4.1686 447.1 -209.287 0.0491 0.9302 -0.535 -0.13 -0.84
4.078 460.495 -211.479 0.0349 0.9302 -0.531 -0.137 -0.832
29.9107 458.041 -227.547 0.0349 0.897 -0.531 -0.137 -0.832
30.0012 444.646 -225.355 0.0491 0.897 -0.535 -0.13 -0.84
4.1686 447.1 -209.287 0.0491 0.9302 -0.535 -0.13 -0.84
29.9107 458.041 -227.547 0.0349 0.897 -0.531 -0.137 -0.832
4.1686 447.1 -209.287 0.0491 0.9302 -0.535 -0.13 -0.84
30.0012 444.646 -225.355 0.0491 0.897 -0.535 -0.13 -0.84
3.795 343.372 -194.041 0.1581 0.9302 -0.534 -0.122 -0.84
29.6276 340.917 -210.109 0.1581 0.897 -0.534 -0.122 -0.84
3.795 343.372 -194.041 0.1581 0.9302 -0.534 -0.122 -0.84
30.0012 444.646 -225.355 0.0491 0.897 -0.535 -0.13 -0.84
-127.32 86.9154 -444.17 0.1113 0.0269 0.352 -0.067 -0.934
-131.228 -8.6639 -438.422 0.0062 0.0295 0.352 -0.067 -0.934
-131.434 86.9104 -445.737 0.111 0.0222 -0.092 -0.059 -0.991
-135.342 -8.6688 -439.989 0.006 0.0248 -0.102 -0.059 -0.993
-131.434 86.9104 -445.737 0.111 0.0222 -0.092 -0.059 -0.991
-131.228 -8.6639 -438.422 0.0062 0.0295 0.352 -0.067 -0.934
-131.434 86.9104 -445.737 0.111 0.0222 -0.092 -0.059 -0.991
-135.342 -8.6688 -439.989 0.006 0.0248 -0.102 -0.059 -0.993
-139.589 87.2645 -440.651 0.1105 0.0117 -0.53 -0.028 -0.848
-143.496 -8.3148 -434.902 0.0054 0.0143 -0.53 -0.028 -0.848
-139.589 87.2645 -440.651 0.1105 0.0117 -0.53 -0.028 -0.848
-135.342 -8.6688 -439.989 0.006 0.0248 -0.102 -0.059 -0.993
-55.6157 -4.3894 -315.395 0.604 0.3635 -0.014 -1 0.041
-59.2977 -4.6864 -323.386 0.6025 0.3726 -0.014 -1 0.041
-53.3617 -4.4873 -316.801 0.6011 0.3635 -0.014 -1 0.041
-59.2977 -4.6864 -323.386 0.6025 0.3726 -0.014 -1 0.041
-55.6157 -4.3894 -315.395 0.604 0.3635 -0.014 -1 0.041
-61.5517 -4.5885 -321.98 0.6055 0.3726 -0.014 -1 0.041
-59.2977 -4.6864 -323.386 0.6025 0.3726 -0.014 -1 0.041
-61.5517 -4.5885 -321.98 0.6055 0.3726 -0.014 -1 0.041
-92.5943 -6.5276 -376.636 0.6025 0.4377 -0.014 -1 0.041
-94.8483 -6.4297 -375.23 0.6055 0.4377 -0.014 -1 0.041
-92.5943 -6.5276 -376.636 0.6025 0.4377 -0.014 -1 0.041
-61.5517 -4.5885 -321.98 0.6055 0.3726 -0.014 -1 0.041
-94.8483 -6.4297 -375.23 0.6055 0.4377 -0.014 -1 0.041
-131.228 -8.6639 -438.422 0.6025 0.5132 -0.014 -1 0.041
-92.5943 -6.5276 -376.636 0.6025 0.4377 -0.014 -1 0.041
-61.5517 -4.5885 -321.98 0.6055 0.3726 -0.014 -1 0.041
-69.7066 -4.2345 -316.893 0.6162 0.3726 -0.014 -1 0.041
-94.8483 -6.4297 -375.23 0.6055 0.4377 -0.014 -1 0.041
-131.228 -8.6639 -438.422 0.6025 0.5132 -0.014 -1 0.041
-94.8483 -6.4297 -375.23 0.6055 0.4377 -0.014 -1 0.041
-135.342 -8.6688 -439.989 0.6055 0.5166 -0.014 -1 0.041
-103.003 -6.0757 -370.143 0.6162 0.4377 -0.014 -1 0.041
-94.8483 -6.4297 -375.23 0.6055 0.4377 -0.014 -1 0.041
-69.7066 -4.2345 -316.893 0.6162 0.3726 -0.014 -1 0.041
-94.8483 -6.4297 -375.23 0.6055 0.4377 -0.014 -1 0.041
-103.003 -6.0757 -370.143 0.6162 0.4377 -0.014 -1 0.041
-135.342 -8.6688 -439.989 0.6055 0.5166 -0.014 -1 0.041
-143.496 -8.3148 -434.902 0.6162 0.5166 -0.014 -1 0.041
-135.342 -8.6688 -439.989 0.6055 0.5166 -0.014 -1 0.041
-103.003 -6.0757 -370.143 0.6162 0.4377 -0.014 -1 0.041
-60.672 327.035 -344.046 0.3206 0.2451 -0.834 0.081 0.546
-61.7109 433.631 -359.109 0.3206 0.1268 -0.834 0.081 0.546
-97.6347 320.975 -397.269 0.3879 0.2445 -0.846 0.08 0.526
-95.1955 426.066 -411.75 0.3857 0.1254 -0.846 0.08 0.526
-97.6347 320.975 -397.269 0.3879 0.2445 -0.846 0.08 0.526
-61.7109 433.631 -359.109 0.3206 0.1268 -0.834 0.081 0.546
-134.809 315.103 -461.336 0.4651 0.2419 -0.855 0.08 0.513
-97.6347 320.975 -397.269 0.3879 0.2445 -0.846 0.08 0.526
-95.1955 426.066 -411.75 0.3857 0.1254 -0.846 0.08 0.526
-134.809 315.103 -461.336 0.4651 0.2419 -0.855 0.08 0.513
-95.1955 426.066 -411.75 0.3857 0.1254 -0.846 0.08 0.526
-135.97 419.275 -476.149 0.4648 0.1205 -0.855 0.08 0.513
-123.725 419.296 -479.763 0.9971 0.9941 0.855 -0.08 -0.513
-84.819 425.597 -418.292 0.9214 0.9897 0.846 -0.08 -0.526
-122.554 314.996 -464.915 0.9971 0.873 0.855 -0.08 -0.513
-87.2478 320.508 -403.795 0.9238 0.8706 0.846 -0.08 -0.526
-122.554 314.996 -464.915 0.9971 0.873 0.855 -0.08 -0.513
-84.819 425.597 -418.292 0.9214 0.9897 0.846 -0.08 -0.526
-84.819 425.597 -418.292 0.9214 0.9897 0.846 -0.08 -0.526
-51.3343 433.173 -365.653 0.8564 0.9878 0.834 -0.081 -0.546
-87.2478 320.508 -403.795 0.9238 0.8706 0.846 -0.08 -0.526
-50.2849 326.58 -350.574 0.8564 0.8696 0.834 -0.081 -0.546
-87.2478 320.508 -403.795 0.9238 0.8706 0.846 -0.08 -0.526
-51.3343 433.173 -365.653 0.8564 0.9878 0.834 -0.081 -0.546
-28.0857 372.887 -341.4 0.5713 0.0152 -0.318 -0.155 -0.937
-18.9534 371.626 -344.296 0.5723 0.00470001 -0.318 -0.155 -0.937
-32.9842 294.09 -326.833 0.6587 0.0169 -0.316 -0.108 -0.94
-23.8641 292.765 -329.739 0.6597 0.00639999 -0.316 -0.108 -0.94
-32.9842 294.09 -326.833 0.6587 0.0169 -0.316 -0.108 -0.94
-18.9534 371.626 -344.296 0.5723 0.00470001 -0.318 -0.155 -0.937
-23.8641 292.765 -329.739 0.6597 0.00639999 -0.316 -0.108 -0.94
-42.6518 91.8075 -309.003 0.8804 0.0188 -0.314 -0.069 -0.944
-32.9842 294.09 -326.833 0.6587 0.0169 -0.316 -0.108 -0.94
-33.5638 90.3394 -311.938 0.8809 0.00819999 -0.314 -0.069 -0.944
-42.6518 91.8075 -309.003 0.8804 0.0188 -0.314 -0.069 -0.944
-23.8641 292.765 -329.739 0.6597 0.00639999 -0.316 -0.108 -0.94
-20.4509 370.151 -352.851 0.9268 0.045 -0.318 -0.155 -0.937
-17.9268 369.803 -353.651 0.9263 0.0479 -0.318 -0.155 -0.937
-25.3624 291.509 -338.328 0.8394 0.0463 -0.316 -0.108 -0.94
-22.8416 291.143 -339.132 0.8394 0.0492 -0.316 -0.108 -0.94
-25.3624 291.509 -338.328 0.8394 0.0463 -0.316 -0.108 -0.94
-17.9268 369.803 -353.651 0.9263 0.0479 -0.318 -0.155 -0.937
-22.8416 291.143 -339.132 0.8394 0.0492 -0.316 -0.108 -0.94
-35.0511 89.6047 -320.59 0.6177 0.0496 -0.314 -0.069 -0.944
-25.3624 291.509 -338.328 0.8394 0.0463 -0.316 -0.108 -0.94
-32.5392 89.1989 -321.401 0.6177 0.0525 -0.314 -0.069 -0.944
-35.0511 89.6047 -320.59 0.6177 0.0496 -0.314 -0.069 -0.944
-22.8416 291.143 -339.132 0.8394 0.0492 -0.316 -0.108 -0.94
-137.293 425.168 -491.339 0.582 0.9795 -0.531 -0.145 -0.832
-146.346 437.907 -487.829 0.5962 0.9678 -0.676 -0.13 -0.723
-137.429 437.06 -493.375 0.5962 0.9795 -0.531 -0.145 -0.832
-137.293 425.168 -491.339 0.582 0.9795 -0.531 -0.145 -0.832
-146.21 426.015 -485.793 0.582 0.9678 -0.788 -0.108 -0.607
-146.346 437.907 -487.829 0.5962 0.9678 -0.676 -0.13 -0.723
-156.219 417.643 -462.643 0.5679 0.9424 -0.9 -0.08 -0.418
-146.346 437.907 -487.829 0.5962 0.9678 -0.676 -0.13 -0.723
-146.21 426.015 -485.793 0.582 0.9678 -0.788 -0.108 -0.607
-156.219 417.643 -462.643 0.5679 0.9424 -0.9 -0.08 -0.418
-146.21 426.015 -485.793 0.582 0.9678 -0.788 -0.108 -0.607
-156.142 406.275 -460.782 0.5547 0.9424 -0.9 -0.08 -0.418
-60.672 327.035 -344.046 0.8726 0.0357 0.533 0.091 0.843
-53.6372 217.805 -337.243 0.7524 0.0264 0.532 0.067 0.845
-52.5342 326.678 -349.16 0.8726 0.0251 0.533 0.091 0.843
-61.7833 218.16 -332.142 0.7524 0.0369 0.532 0.067 0.845
-53.6372 217.805 -337.243 0.7524 0.0264 0.532 0.067 0.845
-60.672 327.035 -344.046 0.8726 0.0357 0.533 0.091 0.843
-61.7833 218.16 -332.142 0.7524 0.0369 0.532 0.067 0.845
-57.6438 90.9907 -327.729 0.6128 0.0278 0.531 0.044 0.846
-53.6372 217.805 -337.243 0.7524 0.0264 0.532 0.067 0.845
-65.7987 91.3448 -322.642 0.6123 0.0383 0.531 0.044 0.846
-57.6438 90.9907 -327.729 0.6128 0.0278 0.531 0.044 0.846
-61.7833 218.16 -332.142 0.7524 0.0369 0.532 0.067 0.845
-46.5793 327.542 -342.646 0.6216 0.0751 0.533 0.091 0.843
-45.4364 218.245 -332.099 0.501 0.0734 0.532 0.067 0.845
-44.33 327.444 -344.06 0.6216 0.0721 0.533 0.091 0.843
-47.6881 218.343 -330.689 0.501 0.0762 0.532 0.067 0.845
-45.4364 218.245 -332.099 0.501 0.0734 0.532 0.067 0.845
-46.5793 327.542 -342.646 0.6216 0.0751 0.533 0.091 0.843
-47.6881 218.343 -330.689 0.501 0.0762 0.532 0.067 0.845
-49.4537 91.092 -322.55 0.3616 0.0748 0.531 0.044 0.846
-45.4364 218.245 -332.099 0.501 0.0734 0.532 0.067 0.845
-51.7078 91.1898 -321.144 0.3616 0.0776 0.531 0.044 0.846
-49.4537 91.092 -322.55 0.3616 0.0748 0.531 0.044 0.846
-47.6881 218.343 -330.689 0.501 0.0762 0.532 0.067 0.845
-122.554 314.996 -464.915 0.3743 0.0204 0.351 -0.106 -0.931
-123.541 208.45 -453.243 0.2507 0.0234 0.351 -0.09 -0.932
-126.672 314.727 -466.448 0.374 0.0157 -0.095 -0.13 -0.985
-127.657 208.314 -454.796 0.2507 0.0188 0.069 -0.083 -0.997
-126.672 314.727 -466.448 0.374 0.0157 -0.095 -0.13 -0.985
-123.541 208.45 -453.243 0.2507 0.0234 0.351 -0.09 -0.932
-123.541 208.45 -453.243 0.2507 0.0234 0.351 -0.09 -0.932
-127.32 86.9154 -444.17 0.1113 0.0269 0.352 -0.083 -0.933
-127.657 208.314 -454.796 0.2507 0.0188 0.069 -0.083 -0.997
-131.434 86.9104 -445.737 0.111 0.0222 -0.103 -0.075 -0.992
-127.657 208.314 -454.796 0.2507 0.0188 0.069 -0.083 -0.997
-127.32 86.9154 -444.17 0.1113 0.0269 0.352 -0.083 -0.933
-127.657 208.314 -454.796 0.2507 0.0188 0.069 -0.083 -0.997
-131.434 86.9104 -445.737 0.111 0.0222 -0.103 -0.075 -0.992
-135.803 208.689 -449.697 0.25 0.00819999 -0.531 -0.044 -0.846
-139.589 87.2645 -440.651 0.1105 0.0117 -0.531 -0.044 -0.846
-135.803 208.689 -449.697 0.25 0.00819999 -0.531 -0.044 -0.846
-131.434 86.9104 -445.737 0.111 0.0222 -0.103 -0.075 -0.992
31.4044 462.927 -229.634 0.5254 0.8418 0.947 0.029 0.307
29.0448 360.528 -212.803 0.4175 0.8413 0.947 0.029 0.307
32.7419 461.99 -233.667 0.5249 0.8369 1 -0.03 -0.002
30.3775 359.683 -216.858 0.4172 0.8364 1.001 -0.032 -0.031
32.7419 461.99 -233.667 0.5249 0.8369 1 -0.03 -0.002
29.0448 360.528 -212.803 0.4175 0.8413 0.947 0.029 0.307
32.7419 461.99 -233.667 0.5249 0.8369 1 -0.03 -0.002
30.3775 359.683 -216.858 0.4172 0.8364 1.001 -0.032 -0.031
7.9593 445.277 -300.143 0.52 0.7612 0.934 -0.101 -0.338
3.8849 347.857 -281.58 0.4143 0.7627 0.934 -0.101 -0.338
7.9593 445.277 -300.143 0.52 0.7612 0.934 -0.101 -0.338
30.3775 359.683 -216.858 0.4172 0.8364 1.001 -0.032 -0.031
-16.4293 371.278 -345.096 0.4492 0.6968 0.962 -0.104 -0.263
7.9593 445.277 -300.143 0.52 0.7612 0.934 -0.101 -0.338
3.8849 347.857 -281.58 0.4143 0.7627 0.934 -0.101 -0.338
-13.3664 433.401 -357.886 0.5181 0.6963 0.937 -0.108 -0.331
7.9593 445.277 -300.143 0.52 0.7612 0.934 -0.101 -0.338
-16.4293 371.278 -345.096 0.4492 0.6968 0.962 -0.104 -0.263
12.776 74.1082 -181.255 0.115 0.8408 0.944 -0.049 0.313
7.2826 2.6577 -175.537 0.0362 0.8408 0.944 -0.049 0.313
14.1047 73.5019 -185.354 0.1148 0.8359 1.001 -0.07 -0.01
8.6113 2.0514 -179.635 0.036 0.8359 0.997 -0.07 -0.017
14.1047 73.5019 -185.354 0.1148 0.8359 1.001 -0.07 -0.01
7.2826 2.6577 -175.537 0.0362 0.8408 0.944 -0.049 0.313
8.6113 2.0514 -179.635 0.036 0.8359 0.997 -0.07 -0.017
-11.7042 69.6911 -251.768 0.1144 0.7617 0.938 -0.085 -0.333
14.1047 73.5019 -185.354 0.1148 0.8359 1.001 -0.07 -0.01
8.6113 2.0514 -179.635 0.036 0.8359 0.997 -0.07 -0.017
-15.9758 -2.1157 -247.932 0.0355 0.7603 0.938 -0.085 -0.333
-11.7042 69.6911 -251.768 0.1144 0.7617 0.938 -0.085 -0.333
-15.9758 -2.1157 -247.932 0.0355 0.7603 0.938 -0.085 -0.333
-37.1662 -5.707 -306.794 0.035 0.6948 0.964 -0.079 -0.247
-11.7042 69.6911 -251.768 0.1144 0.7617 0.938 -0.085 -0.333
-37.1662 -5.707 -306.794 0.035 0.6948 0.964 -0.079 -0.247
-31.0518 89.9336 -312.749 0.1404 0.6958 0.969 -0.079 -0.24
-11.7042 69.6911 -251.768 0.1144 0.7617 0.938 -0.085 -0.333
-32.5392 89.1989 -321.401 0.1403 0.6865 0.98 -0.073 -0.164
-31.0518 89.9336 -312.749 0.1404 0.6958 0.969 -0.079 -0.24
-37.1662 -5.707 -306.794 0.035 0.6948 0.964 -0.079 -0.247
-37.1662 -5.707 -306.794 0.035 0.6948 0.964 -0.079 -0.247
-38.6535 -6.4417 -315.446 0.0349 0.6855 0.98 -0.073 -0.164
-32.5392 89.1989 -321.401 0.1403 0.6865 0.98 -0.073 -0.164
-145.026 86.1484 -451.98 0.4141 0.999 0.846 -0.08 -0.526
-130.794 298.521 -461.543 0.1692 0.9858 0.846 -0.08 -0.526
-138.623 79.6574 -440.695 0.4216 0.9858 0.846 -0.08 -0.526
-130.794 298.521 -461.543 0.1692 0.9858 0.846 -0.08 -0.526
-145.026 86.1484 -451.98 0.4141 0.999 0.846 -0.08 -0.526
-137.358 314.985 -474.611 0.1484 0.999 0.846 -0.08 -0.526
-137.358 314.985 -474.611 0.1484 0.999 0.846 -0.08 -0.526
-130.309 403.82 -476.85 0.0465 0.9858 0.846 -0.08 -0.526
-130.794 298.521 -461.543 0.1692 0.9858 0.846 -0.08 -0.526
-130.309 403.82 -476.85 0.0465 0.9858 0.846 -0.08 -0.526
-137.358 314.985 -474.611 0.1484 0.999 0.846 -0.08 -0.526
-137.293 425.168 -491.339 0.0194 0.999 0.846 -0.08 -0.526
30.0012 444.646 -225.355 0.0474 0.6743 0.846 -0.08 -0.526
36.5979 472.206 -218.96 0.0203 0.6606 0.846 -0.08 -0.526
36.6493 362.717 -202.151 0.135 0.6606 0.846 -0.08 -0.526
36.6493 362.717 -202.151 0.135 0.6606 0.846 -0.08 -0.526
29.6276 340.917 -210.109 0.1565 0.6743 0.846 -0.08 -0.526
30.0012 444.646 -225.355 0.0474 0.6743 0.846 -0.08 -0.526
29.6276 340.917 -210.109 0.1565 0.6743 0.846 -0.08 -0.526
36.6493 362.717 -202.151 0.135 0.6606 0.846 -0.08 -0.526
27.1974 79.9242 -174.145 0.4316 0.6606 0.846 -0.08 -0.526
27.1974 79.9242 -174.145 0.4316 0.6606 0.846 -0.08 -0.526
20.1094 73.4684 -184.555 0.4382 0.6743 0.846 -0.08 -0.526
29.6276 340.917 -210.109 0.1565 0.6743 0.846 -0.08 -0.526
29.6276 340.917 -210.109 0.1581 0.897 -0.531 -0.059 -0.845
20.1094 73.4684 -184.555 0.4399 0.897 -0.531 -0.044 -0.846
3.795 343.372 -194.041 0.1581 0.9302 -0.531 -0.059 -0.845
-5.7233 75.923 -168.487 0.4399 0.9302 -0.531 -0.044 -0.846
3.795 343.372 -194.041 0.1581 0.9302 -0.531 -0.059 -0.845
20.1094 73.4684 -184.555 0.4399 0.897 -0.531 -0.044 -0.846
20.1094 73.4684 -184.555 0.4399 0.897 -0.531 -0.044 -0.846
13.9414 -43.0645 -176.669 0.5679 0.897 -0.53 -0.028 -0.848
-5.7233 75.923 -168.487 0.4399 0.9302 -0.531 -0.044 -0.846
-11.8912 -40.6098 -160.601 0.5679 0.9302 -0.53 -0.028 -0.848
-5.7233 75.923 -168.487 0.4399 0.9302 -0.531 -0.044 -0.846
13.9414 -43.0645 -176.669 0.5679 0.897 -0.53 -0.028 -0.848
-45.38 434.355 -359.189 0.9956 0.2067 -0.05 0.987 -0.141
-51.3343 433.173 -365.653 0.9868 0.205 -0.041 0.988 -0.127
-47.627 434.454 -357.772 0.9956 0.2037 -0.05 0.987 -0.141
-53.5813 433.272 -364.236 0.9868 0.2021 -0.041 0.988 -0.127
-47.627 434.454 -357.772 0.9956 0.2037 -0.05 0.987 -0.141
-51.3343 433.173 -365.653 0.9868 0.205 -0.041 0.988 -0.127
-53.5813 433.272 -364.236 0.9868 0.2021 -0.041 0.988 -0.127
-95.1955 426.066 -411.75 0.9214 0.1915 -0.022 0.996 -0.112
-61.7109 433.631 -359.109 0.9868 0.1915 -0.03 0.996 -0.125
-53.5813 433.272 -364.236 0.9868 0.2021 -0.041 0.988 -0.127
-51.3343 433.173 -365.653 0.9868 0.205 -0.041 0.988 -0.127
-87.066 425.698 -416.875 0.9214 0.202 -0.035 0.997 -0.104
-95.1955 426.066 -411.75 0.9214 0.1915 -0.022 0.996 -0.112
-53.5813 433.272 -364.236 0.9868 0.2021 -0.041 0.988 -0.127
-87.066 425.698 -416.875 0.9214 0.202 -0.035 0.997 -0.104
-84.819 425.597 -418.292 0.9214 0.205 -0.042 0.998 -0.1
-87.066 425.698 -416.875 0.9214 0.202 -0.035 0.997 -0.104
-51.3343 433.173 -365.653 0.9868 0.205 -0.041 0.988 -0.127
-87.066 425.698 -416.875 0.9214 0.202 -0.035 0.997 -0.104
-135.97 419.275 -476.149 0.8423 0.1914 -0.013 0.997 -0.099
-95.1955 426.066 -411.75 0.9214 0.1915 -0.022 0.996 -0.112
-84.819 425.597 -418.292 0.9214 0.205 -0.042 0.998 -0.1
-123.725 419.296 -479.763 0.8457 0.205 -0.047 0.992 -0.077
-87.066 425.698 -416.875 0.9214 0.202 -0.035 0.997 -0.104
-135.97 419.275 -476.149 0.8423 0.1914 -0.013 0.997 -0.099
-87.066 425.698 -416.875 0.9214 0.202 -0.035 0.997 -0.104
-127.841 418.896 -481.273 0.8423 0.202 -0.027 0.998 -0.091
-123.725 419.296 -479.763 0.8457 0.205 -0.047 0.992 -0.077
-127.841 418.896 -481.273 0.8423 0.202 -0.027 0.998 -0.091
-87.066 425.698 -416.875 0.9214 0.202 -0.035 0.997 -0.104
-41.1655 -6.0359 -314.635 0.9956 0.2225 -0.124 -0.991 0.101
-38.6535 -6.4417 -315.446 0.9961 0.2255 -0.124 -0.991 0.101
-37.1662 -5.707 -306.794 0.9868 0.224 -0.124 -0.991 0.101
-37.1662 -5.707 -306.794 0.9868 0.224 -0.124 -0.991 0.101
-39.6782 -5.3012 -305.983 0.9868 0.2211 -0.124 -0.991 0.101
-41.1655 -6.0359 -314.635 0.9956 0.2225 -0.124 -0.991 0.101
-48.7662 -3.8331 -303.048 0.9863 0.2104 -0.124 -0.991 0.101
-39.6782 -5.3012 -305.983 0.9868 0.2211 -0.124 -0.991 0.101
-27.5757 -0.2417 -244.186 0.9214 0.2117 -0.124 -0.991 0.101
-39.6782 -5.3012 -305.983 0.9868 0.2211 -0.124 -0.991 0.101
-37.1662 -5.707 -306.794 0.9868 0.224 -0.124 -0.991 0.101
-18.4878 -1.7099 -247.121 0.9214 0.2223 -0.124 -0.991 0.101
-18.4878 -1.7099 -247.121 0.9214 0.2223 -0.124 -0.991 0.101
-27.5757 -0.2417 -244.186 0.9214 0.2117 -0.124 -0.991 0.101
-39.6782 -5.3012 -305.983 0.9868 0.2211 -0.124 -0.991 0.101
-15.9758 -2.1157 -247.932 0.9219 0.2252 -0.124 -0.991 0.101
-18.4878 -1.7099 -247.121 0.9214 0.2223 -0.124 -0.991 0.101
-37.1662 -5.707 -306.794 0.9868 0.224 -0.124 -0.991 0.101
-27.5757 -0.2417 -244.186 0.9214 0.2117 -0.124 -0.991 0.101
-18.4878 -1.7099 -247.121 0.9214 0.2223 -0.124 -0.991 0.101
-1.8054 4.1259 -172.602 0.8423 0.213 -0.124 -0.991 0.101
-18.4878 -1.7099 -247.121 0.9214 0.2223 -0.124 -0.991 0.101
-15.9758 -2.1157 -247.932 0.9219 0.2252 -0.124 -0.991 0.101
8.6113 2.0514 -179.635 0.8462 0.2264 -0.124 -0.991 0.101
7.2826 2.6577 -175.537 0.8423 0.2235 -0.124 -0.991 0.101
-1.8054 4.1259 -172.602 0.8423 0.213 -0.124 -0.991 0.101
-18.4878 -1.7099 -247.121 0.9214 0.2223 -0.124 -0.991 0.101
8.6113 2.0514 -179.635 0.8462 0.2264 -0.124 -0.991 0.101
7.2826 2.6577 -175.537 0.8423 0.2235 -0.124 -0.991 0.101
-18.4878 -1.7099 -247.121 0.9214 0.2223 -0.124 -0.991 0.101
-14.861 431.754 -366.41 0.981 0.1427 0.068 0.977 -0.205
-17.3876 432.088 -365.612 0.9819 0.1455 0.068 0.977 -0.205
-13.3664 433.401 -357.886 0.9727 0.1464 0.064 0.977 -0.211
-15.893 433.736 -357.088 0.9731 0.1493 0.06 0.976 -0.218
-13.3664 433.401 -357.886 0.9727 0.1464 0.064 0.977 -0.211
-17.3876 432.088 -365.612 0.9819 0.1455 0.068 0.977 -0.205
-15.893 433.736 -357.088 0.9731 0.1493 0.06 0.976 -0.218
-25.0342 434.945 -354.199 0.9756 0.1595 0.055 0.976 -0.224
-3.7091 446.839 -296.459 0.9121 0.1742 0.053 0.967 -0.241
-15.893 433.736 -357.088 0.9731 0.1493 0.06 0.976 -0.218
5.4325 445.615 -299.345 0.9097 0.1639 0.047 0.967 -0.237
-13.3664 433.401 -357.886 0.9727 0.1464 0.064 0.977 -0.211
-3.7091 446.839 -296.459 0.9121 0.1742 0.053 0.967 -0.241
5.4325 445.615 -299.345 0.9097 0.1639 0.047 0.967 -0.237
-15.893 433.736 -357.088 0.9731 0.1493 0.06 0.976 -0.218
7.9593 445.277 -300.143 0.9092 0.161 0.04 0.968 -0.233
-13.3664 433.401 -357.886 0.9727 0.1464 0.064 0.977 -0.211
5.4325 445.615 -299.345 0.9097 0.1639 0.047 0.967 -0.237
5.4325 445.615 -299.345 0.9097 0.1639 0.047 0.967 -0.237
-3.7091 446.839 -296.459 0.9121 0.1742 0.053 0.967 -0.241
22.2618 464.167 -226.751 0.8345 0.1919 0.052 0.965 -0.259
5.4325 445.615 -299.345 0.9097 0.1639 0.047 0.967 -0.237
32.7419 461.99 -233.667 0.8354 0.178 0.014 0.968 -0.245
7.9593 445.277 -300.143 0.9092 0.161 0.04 0.968 -0.233
22.2618 464.167 -226.751 0.8345 0.1919 0.052 0.965 -0.259
31.4044 462.927 -229.634 0.8325 0.1816 0.038 0.967 -0.251
5.4325 445.615 -299.345 0.9097 0.1639 0.047 0.967 -0.237
32.7419 461.99 -233.667 0.8354 0.178 0.014 0.968 -0.245
5.4325 445.615 -299.345 0.9097 0.1639 0.047 0.967 -0.237
31.4044 462.927 -229.634 0.8325 0.1816 0.038 0.967 -0.251
-7.7653 349.519 -277.883 0.7568 0.8843 -0.927 0.11 0.362
14.288 231.885 -192.804 0.8325 0.7495 -0.915 0.104 0.382
19.9172 361.847 -209.909 0.834 0.8862 -0.915 0.104 0.382
-15.3862 225.797 -258.293 0.7573 0.7505 -0.93 0.086 0.346
14.288 231.885 -192.804 0.8325 0.7495 -0.915 0.104 0.382
-7.7653 349.519 -277.883 0.7568 0.8843 -0.927 0.11 0.362
-28.0857 372.887 -341.4 0.6914 0.9199 -0.929 0.117 0.344
-32.9842 294.09 -326.833 0.6914 0.8325 -0.933 0.109 0.338
-7.7653 349.519 -277.883 0.7568 0.8843 -0.927 0.11 0.362
-32.9842 294.09 -326.833 0.6914 0.8325 -0.933 0.109 0.338
-15.3862 225.797 -258.293 0.7573 0.7505 -0.93 0.086 0.346
-7.7653 349.519 -277.883 0.7568 0.8843 -0.927 0.11 0.362
-15.3862 225.797 -258.293 0.7573 0.7505 -0.93 0.086 0.346
-32.9842 294.09 -326.833 0.6914 0.8325 -0.933 0.109 0.338
-42.6518 91.8075 -309.003 0.687 0.6108 -0.948 0.069 0.321
-42.6518 91.8075 -309.003 0.687 0.6108 -0.948 0.069 0.321
-23.3041 71.5651 -248.022 0.7524 0.584 -0.948 0.069 0.321
-15.3862 225.797 -258.293 0.7573 0.7505 -0.93 0.086 0.346
-32.5392 89.1989 -321.401 0.1403 0.6865 0.98 -0.058 -0.165
-22.8416 291.143 -339.132 0.3618 0.689 0.98 -0.058 -0.165
-31.0518 89.9336 -312.749 0.1404 0.6958 0.965 -0.064 -0.248
-21.3434 292.399 -330.542 0.3621 0.6982 0.957 -0.09 -0.288
-31.0518 89.9336 -312.749 0.1404 0.6958 0.965 -0.064 -0.248
-22.8416 291.143 -339.132 0.3618 0.689 0.98 -0.058 -0.165
3.8849 347.857 -281.58 0.4143 0.7627 0.927 -0.11 -0.362
-21.3434 292.399 -330.542 0.3621 0.6982 0.957 -0.09 -0.288
-16.4293 371.278 -345.096 0.4492 0.6968 0.929 -0.117 -0.344
-3.7615 224.01 -262.012 0.2805 0.7646 0.933 -0.087 -0.357
-31.0518 89.9336 -312.749 0.1404 0.6958 0.965 -0.064 -0.248
-21.3434 292.399 -330.542 0.3621 0.6982 0.957 -0.09 -0.288
-21.3434 292.399 -330.542 0.3621 0.6982 0.957 -0.09 -0.288
3.8849 347.857 -281.58 0.4143 0.7627 0.927 -0.11 -0.362
-3.7615 224.01 -262.012 0.2805 0.7646 0.933 -0.087 -0.357
-31.0518 89.9336 -312.749 0.1404 0.6958 0.965 -0.064 -0.248
-3.7615 224.01 -262.012 0.2805 0.7646 0.933 -0.087 -0.357
-11.7042 69.6911 -251.768 0.1144 0.7617 0.933 -0.079 -0.358
14.1047 73.5019 -185.354 0.1148 0.8359 0.996 -0.064 -0.035
-11.7042 69.6911 -251.768 0.1144 0.7617 0.933 -0.079 -0.358
-3.7615 224.01 -262.012 0.2805 0.7646 0.933 -0.087 -0.357
-3.7615 224.01 -262.012 0.2805 0.7646 0.933 -0.087 -0.357
3.8849 347.857 -281.58 0.4143 0.7627 0.927 -0.11 -0.362
24.7239 229.738 -199.795 0.2805 0.8359 0.996 -0.064 -0.035
-3.7615 224.01 -262.012 0.2805 0.7646 0.933 -0.087 -0.357
24.7239 229.738 -199.795 0.2805 0.8359 0.996 -0.064 -0.035
14.1047 73.5019 -185.354 0.1148 0.8359 0.996 -0.064 -0.035
12.776 74.1082 -181.255 0.115 0.8408 0.949 -0.033 0.319
14.1047 73.5019 -185.354 0.1148 0.8359 0.996 -0.064 -0.035
24.7239 229.738 -199.795 0.2805 0.8359 0.996 -0.064 -0.035
30.3775 359.683 -216.858 0.4172 0.8364 0.993 -0.055 -0.025
24.7239 229.738 -199.795 0.2805 0.8359 0.996 -0.064 -0.035
3.8849 347.857 -281.58 0.4143 0.7627 0.927 -0.11 -0.362
24.7239 229.738 -199.795 0.2805 0.8359 0.996 -0.064 -0.035
23.3949 230.467 -195.717 0.2808 0.8403 0.949 -0.018 0.317
12.776 74.1082 -181.255 0.115 0.8408 0.949 -0.033 0.319
24.7239 229.738 -199.795 0.2805 0.8359 0.996 -0.064 -0.035
30.3775 359.683 -216.858 0.4172 0.8364 0.993 -0.055 -0.025
23.3949 230.467 -195.717 0.2808 0.8403 0.949 -0.018 0.317
29.0448 360.528 -212.803 0.4175 0.8413 0.946 -0.002 0.309
23.3949 230.467 -195.717 0.2808 0.8403 0.949 -0.018 0.317
30.3775 359.683 -216.858 0.4172 0.8364 0.993 -0.055 -0.025
-11.8912 -40.6098 -160.601 0.5664 0.6226 -0.007 0.064 0.996
11.791 -41.8431 -160.302 0.5664 0.6479 0.269 0.049 0.964
-5.7233 75.923 -168.487 0.4382 0.6226 -0.007 0.064 0.996
-5.7233 75.923 -168.487 0.4382 0.6226 -0.007 0.064 0.996
11.791 -41.8431 -160.302 0.5664 0.6479 0.269 0.049 0.964
18.2808 80.7715 -168.599 0.4316 0.6479 0.3 0.047 0.954
18.2808 80.7715 -168.599 0.4316 0.6479 0.3 0.047 0.954
11.791 -41.8431 -160.302 0.5664 0.6479 0.269 0.049 0.964
27.1974 79.9242 -174.145 0.4316 0.6597 0.53 0.028 0.848
20.7076 -42.6904 -165.848 0.5664 0.6597 0.53 0.028 0.848
27.1974 79.9242 -174.145 0.4316 0.6597 0.53 0.028 0.848
11.791 -41.8431 -160.302 0.5664 0.6479 0.269 0.049 0.964
36.5979 472.206 -218.96 0.0203 0.6592 0.531 0.145 0.832
36.4369 486.341 -221.378 0.0054 0.6592 0.531 0.145 0.832
27.6813 473.054 -213.413 0.0203 0.6479 0.215 0.162 0.964
27.5203 487.188 -215.832 0.0054 0.6479 0.376 0.158 0.91
27.6813 473.054 -213.413 0.0203 0.6479 0.215 0.162 0.964
36.4369 486.341 -221.378 0.0054 0.6592 0.531 0.145 0.832
27.6813 473.054 -213.413 0.0203 0.6479 0.215 0.162 0.964
27.5203 487.188 -215.832 0.0054 0.6479 0.376 0.158 0.91
4.078 460.495 -211.479 0.0333 0.6221 -0.006 0.166 0.981
4.078 460.495 -211.479 0.0333 0.6221 -0.006 0.166 0.981
4.1686 447.1 -209.287 0.0474 0.6221 -0.006 0.166 0.981
27.6813 473.054 -213.413 0.0203 0.6479 0.215 0.162 0.964
-171.418 -49.4311 -415.725 0.0349 0.9424 -0.9 0.022 -0.433
-164.456 82.112 -424.627 0.1797 0.9424 -0.9 0.022 -0.433
-161.268 -51.4125 -437.068 0.035 0.9678 -0.749 -0.003 -0.665
-153.943 86.9956 -446.434 0.1873 0.9678 -0.726 -0.006 -0.688
-161.268 -51.4125 -437.068 0.035 0.9678 -0.749 -0.003 -0.665
-164.456 82.112 -424.627 0.1797 0.9424 -0.9 0.022 -0.433
-153.943 86.9956 -446.434 0.1873 0.9678 -0.726 -0.006 -0.688
-145.026 86.1484 -451.98 0.1873 0.9795 -0.53 -0.028 -0.848
-161.268 -51.4125 -437.068 0.035 0.9678 -0.749 -0.003 -0.665
-152.352 -52.2598 -442.614 0.035 0.9795 -0.53 -0.028 -0.848
-161.268 -51.4125 -437.068 0.035 0.9678 -0.749 -0.003 -0.665
-145.026 86.1484 -451.98 0.1873 0.9795 -0.53 -0.028 -0.848
-130.387 415.189 -478.711 0.0332 0.9858 0.846 -0.08 -0.526
-130.309 403.82 -476.85 0.0465 0.9858 0.846 -0.08 -0.526
-137.293 425.168 -491.339 0.0194 0.999 0.846 -0.08 -0.526
-137.293 425.168 -491.339 0.0194 0.999 0.846 -0.08 -0.526
-137.429 437.06 -493.375 0.0054 0.999 0.846 -0.08 -0.526
-130.387 415.189 -478.711 0.0332 0.9858 0.846 -0.08 -0.526
-134.265 437.957 -488.424 0.0054 0.9932 0.846 -0.08 -0.526
-130.387 415.189 -478.711 0.0332 0.9858 0.846 -0.08 -0.526
-137.429 437.06 -493.375 0.0054 0.999 0.846 -0.08 -0.526
-130.387 415.189 -478.711 0.0332 0.9858 0.846 -0.08 -0.526
-134.265 437.957 -488.424 0.0054 0.9932 0.846 -0.08 -0.526
-127.469 415.969 -474.14 0.0333 0.9805 0.846 -0.08 -0.526
-134.265 437.957 -488.424 0.0054 0.9932 0.846 -0.08 -0.526
33.8644 485.612 -225.402 0.0054 0.666 0.846 -0.08 -0.526
-127.469 415.969 -474.14 0.0333 0.9805 0.846 -0.08 -0.526
27.539 457.407 -231.263 0.0333 0.6787 0.846 -0.08 -0.526
-127.469 415.969 -474.14 0.0333 0.9805 0.846 -0.08 -0.526
33.8644 485.612 -225.402 0.0054 0.666 0.846 -0.08 -0.526
27.539 457.407 -231.263 0.0333 0.6787 0.846 -0.08 -0.526
33.8644 485.612 -225.402 0.0054 0.666 0.846 -0.08 -0.526
29.9107 458.041 -227.547 0.0332 0.6743 0.846 -0.08 -0.526
36.4369 486.341 -221.378 0.0054 0.6606 0.846 -0.08 -0.526
29.9107 458.041 -227.547 0.0332 0.6743 0.846 -0.08 -0.526
33.8644 485.612 -225.402 0.0054 0.666 0.846 -0.08 -0.526
36.5979 472.206 -218.96 0.0203 0.6606 0.846 -0.08 -0.526
29.9107 458.041 -227.547 0.0332 0.6743 0.846 -0.08 -0.526
36.4369 486.341 -221.378 0.0054 0.6606 0.846 -0.08 -0.526
29.9107 458.041 -227.547 0.0332 0.6743 0.846 -0.08 -0.526
36.5979 472.206 -218.96 0.0203 0.6606 0.846 -0.08 -0.526
30.0012 444.646 -225.355 0.0474 0.6743 0.846 -0.08 -0.526
-135.803 208.689 -449.697 0.4651 0.3655 -0.876 0.078 0.48
-97.6347 320.975 -397.269 0.3879 0.2445 -0.842 0.081 0.533
-134.809 315.103 -461.336 0.4651 0.2419 -0.876 0.078 0.48
-135.803 208.689 -449.697 0.4651 0.3655 -0.876 0.078 0.48
-102.266 213.798 -385.953 0.3904 0.3657 -0.834 0.074 0.547
-97.6347 320.975 -397.269 0.3879 0.2445 -0.842 0.081 0.533
-102.266 213.798 -385.953 0.3904 0.3657 -0.834 0.074 0.547
-61.7833 218.16 -332.142 0.3203 0.3655 -0.814 0.067 0.581
-97.6347 320.975 -397.269 0.3879 0.2445 -0.842 0.081 0.533
-61.7833 218.16 -332.142 0.3203 0.3655 -0.814 0.067 0.581
-60.672 327.035 -344.046 0.3206 0.2451 -0.813 0.083 0.58
-97.6347 320.975 -397.269 0.3879 0.2445 -0.842 0.081 0.533
-102.266 213.798 -385.953 0.3904 0.3657 -0.834 0.074 0.547
-102.135 89.5364 -376.23 0.3877 0.5054 -0.835 0.058 0.548
-61.7833 218.16 -332.142 0.3203 0.3655 -0.814 0.067 0.581
-65.7987 91.3448 -322.642 0.3206 0.5049 -0.814 0.06 0.582
-61.7833 218.16 -332.142 0.3203 0.3655 -0.814 0.067 0.581
-102.135 89.5364 -376.23 0.3877 0.5054 -0.835 0.058 0.548
-25.0342 434.945 -354.199 0.6909 0.9888 -0.937 0.108 0.331
-28.0857 372.887 -341.4 0.6914 0.9199 -0.937 0.108 0.331
-3.7091 446.839 -296.459 0.7563 0.9902 -0.934 0.101 0.338
-28.0857 372.887 -341.4 0.6914 0.9199 -0.937 0.108 0.331
-7.7653 349.519 -277.883 0.7568 0.8843 -0.934 0.101 0.338
-3.7091 446.839 -296.459 0.7563 0.9902 -0.934 0.101 0.338
-7.7653 349.519 -277.883 0.7568 0.8843 -0.934 0.101 0.338
19.9172 361.847 -209.909 0.834 0.8862 -0.93 0.093 0.346
-3.7091 446.839 -296.459 0.7563 0.9902 -0.934 0.101 0.338
-3.7091 446.839 -296.459 0.7563 0.9902 -0.934 0.101 0.338
19.9172 361.847 -209.909 0.834 0.8862 -0.93 0.093 0.346
22.2618 464.167 -226.751 0.8354 0.9941 -0.93 0.093 0.346
-139.589 87.2645 -440.651 0.4651 0.5049 -0.877 0.047 0.482
-102.266 213.798 -385.953 0.3904 0.3657 -0.877 0.047 0.482
-135.803 208.689 -449.697 0.4651 0.3655 -0.877 0.047 0.482
-130.794 298.521 -461.543 0.1709 0.8862 0.533 0.091 0.843
-156.626 300.975 -445.475 0.1709 0.8525 0.533 0.091 0.843
-138.623 79.6574 -440.695 0.4233 0.8862 0.531 0.059 0.845
-130.794 298.521 -461.543 0.1709 0.8862 0.533 0.091 0.843
-130.309 403.82 -476.85 0.0482 0.8862 0.534 0.122 0.84
-156.626 300.975 -445.475 0.1709 0.8525 0.533 0.091 0.843
-156.142 406.275 -460.782 0.0482 0.8525 0.534 0.122 0.84
-156.626 300.975 -445.475 0.1709 0.8525 0.533 0.091 0.843
-130.309 403.82 -476.85 0.0482 0.8862 0.534 0.122 0.84
-45.4364 218.245 -332.099 0.8472 0.7495 0.742 -0.071 -0.666
-49.4537 91.092 -322.55 0.8472 0.6099 0.742 -0.071 -0.666
-51.3855 217.707 -338.653 0.8564 0.7495 0.786 -0.069 -0.61
-55.3897 90.8929 -329.135 0.8564 0.6094 0.778 -0.061 -0.624
-51.3855 217.707 -338.653 0.8564 0.7495 0.786 -0.069 -0.61
-49.4537 91.092 -322.55 0.8472 0.6099 0.742 -0.071 -0.666
-55.3897 90.8929 -329.135 0.8564 0.6094 0.778 -0.061 -0.624
-91.7258 89.0845 -382.723 0.9238 0.6094 0.847 -0.057 -0.528
-51.3855 217.707 -338.653 0.8564 0.7495 0.786 -0.069 -0.61
-91.8686 213.333 -392.462 0.9263 0.749 0.847 -0.065 -0.528
-51.3855 217.707 -338.653 0.8564 0.7495 0.786 -0.069 -0.61
-91.7258 89.0845 -382.723 0.9238 0.6094 0.847 -0.057 -0.528
-91.7258 89.0845 -382.723 0.9238 0.6094 0.847 -0.057 -0.528
-127.32 86.9154 -444.17 0.9976 0.6099 0.877 -0.047 -0.482
-91.8686 213.333 -392.462 0.9263 0.749 0.847 -0.065 -0.528
-123.541 208.45 -453.243 0.9976 0.7495 0.876 -0.062 -0.481
-91.8686 213.333 -392.462 0.9263 0.749 0.847 -0.065 -0.528
-127.32 86.9154 -444.17 0.9976 0.6099 0.877 -0.047 -0.482
-51.3855 217.707 -338.653 0.8564 0.7495 0.786 -0.069 -0.61
-91.8686 213.333 -392.462 0.9263 0.749 0.847 -0.065 -0.528
-87.2478 320.508 -403.795 0.9238 0.8706 0.846 -0.08 -0.526
-91.8686 213.333 -392.462 0.9263 0.749 0.847 -0.065 -0.528
-123.541 208.45 -453.243 0.9976 0.7495 0.876 -0.062 -0.481
-87.2478 320.508 -403.795 0.9238 0.8706 0.846 -0.08 -0.526
-51.3855 217.707 -338.653 0.8564 0.7495 0.786 -0.069 -0.61
-87.2478 320.508 -403.795 0.9238 0.8706 0.846 -0.08 -0.526
-50.2849 326.58 -350.574 0.8564 0.8696 0.777 -0.085 -0.622
-123.541 208.45 -453.243 0.9976 0.7495 0.876 -0.062 -0.481
-122.554 314.996 -464.915 0.9971 0.873 0.88 -0.078 -0.473
-87.2478 320.508 -403.795 0.9238 0.8706 0.846 -0.08 -0.526
-137.429 437.06 -493.375 0.468 0.1969 -0.014 0.983 -0.172
-146.346 437.907 -487.829 0.468 0.1853 -0.319 0.95 0.03
-134.265 437.957 -488.424 0.4744 0.1969 -0.014 0.983 -0.172
-143.181 438.804 -482.878 0.4744 0.1853 -0.376 0.925 0.077
-134.265 437.957 -488.424 0.4744 0.1969 -0.014 0.983 -0.172
-146.346 437.907 -487.829 0.468 0.1853 -0.319 0.95 0.03
-143.181 438.804 -482.878 0.4744 0.1853 -0.376 0.925 0.077
-146.346 437.907 -487.829 0.468 0.1853 -0.319 0.95 0.03
-156.219 417.643 -462.643 0.4814 0.1499 -0.658 0.694 0.302
-156.219 417.643 -462.643 0.4814 0.1499 -0.658 0.694 0.302
-153.302 418.423 -458.072 0.4871 0.1499 -0.665 0.679 0.308
-143.181 438.804 -482.878 0.4744 0.1853 -0.376 0.925 0.077
-143.181 438.804 -482.878 0.4744 0.1853 -0.376 0.925 0.077
24.9478 486.459 -219.856 0.8018 0.1853 -0.383 0.917 0.081
-134.265 437.957 -488.424 0.4744 0.1969 -0.014 0.983 -0.172
-153.302 418.423 -458.072 0.4871 0.1499 -0.665 0.679 0.308
24.9478 486.459 -219.856 0.8018 0.1853 -0.383 0.917 0.081
-143.181 438.804 -482.878 0.4744 0.1853 -0.376 0.925 0.077
33.8644 485.612 -225.402 0.8018 0.1969 -0.014 0.983 -0.172
-134.265 437.957 -488.424 0.4744 0.1969 -0.014 0.983 -0.172
24.9478 486.459 -219.856 0.8018 0.1853 -0.383 0.917 0.081
24.9478 486.459 -219.856 0.8018 0.1853 -0.383 0.917 0.081
-153.302 418.423 -458.072 0.4871 0.1499 -0.665 0.679 0.308
1.7064 459.861 -215.195 0.7886 0.1499 -0.679 0.665 0.317
33.8644 485.612 -225.402 0.8018 0.1969 -0.014 0.983 -0.172
24.9478 486.459 -219.856 0.8018 0.1853 -0.383 0.917 0.081
36.4369 486.341 -221.378 0.8066 0.1969 -0.014 0.983 -0.172
1.7064 459.861 -215.195 0.7886 0.1499 -0.679 0.665 0.317
4.078 460.495 -211.479 0.7935 0.1499 -0.686 0.658 0.322
24.9478 486.459 -219.856 0.8018 0.1853 -0.383 0.917 0.081
27.5203 487.188 -215.832 0.8066 0.1853 -0.335 0.936 0.05
36.4369 486.341 -221.378 0.8066 0.1969 -0.014 0.983 -0.172
24.9478 486.459 -219.856 0.8018 0.1853 -0.383 0.917 0.081
24.9478 486.459 -219.856 0.8018 0.1853 -0.383 0.917 0.081
4.078 460.495 -211.479 0.7935 0.1499 -0.686 0.658 0.322
27.5203 487.188 -215.832 0.8066 0.1853 -0.335 0.936 0.05
-153.943 86.9956 -446.434 0.1873 0.9678 -0.767 -0.04 -0.643
-164.456 82.112 -424.627 0.1797 0.9424 -0.903 -0.008 -0.419
-156.626 300.975 -445.475 0.4321 0.9424 -0.908 -0.024 -0.425
-145.026 86.1484 -451.98 0.1873 0.9795 -0.532 -0.067 -0.845
-153.943 86.9956 -446.434 0.1873 0.9678 -0.767 -0.04 -0.643
-137.358 314.985 -474.611 0.4529 0.9795 -0.533 -0.098 -0.842
-156.626 300.975 -445.475 0.4321 0.9424 -0.908 -0.024 -0.425
-146.274 315.832 -469.065 0.4529 0.9678 -0.752 -0.074 -0.66
-153.943 86.9956 -446.434 0.1873 0.9678 -0.767 -0.04 -0.643
-137.358 314.985 -474.611 0.4529 0.9795 -0.533 -0.098 -0.842
-153.943 86.9956 -446.434 0.1873 0.9678 -0.767 -0.04 -0.643
-146.274 315.832 -469.065 0.4529 0.9678 -0.752 -0.074 -0.66
-146.274 315.832 -469.065 0.4529 0.9678 -0.752 -0.074 -0.66
-156.626 300.975 -445.475 0.4321 0.9424 -0.908 -0.024 -0.425
-156.142 406.275 -460.782 0.5547 0.9424 -0.91 -0.064 -0.422
-137.358 314.985 -474.611 0.4529 0.9795 -0.533 -0.098 -0.842
-146.274 315.832 -469.065 0.4529 0.9678 -0.752 -0.074 -0.66
-137.293 425.168 -491.339 0.582 0.9795 -0.535 -0.13 -0.84
-156.142 406.275 -460.782 0.5547 0.9424 -0.91 -0.064 -0.422
-146.21 426.015 -485.793 0.582 0.9678 -0.682 -0.106 -0.721
-146.274 315.832 -469.065 0.4529 0.9678 -0.752 -0.074 -0.66
-137.293 425.168 -491.339 0.582 0.9795 -0.535 -0.13 -0.84
-146.274 315.832 -469.065 0.4529 0.9678 -0.752 -0.074 -0.66
-146.21 426.015 -485.793 0.582 0.9678 -0.682 -0.106 -0.721
18.2808 80.7715 -168.599 0.4316 0.6479 0.26 0.088 0.958
3.795 343.372 -194.041 0.1565 0.6221 0.006 0.111 0.995
-5.7233 75.923 -168.487 0.4382 0.6226 0.005 0.095 0.996
27.1974 79.9242 -174.145 0.4316 0.6597 0.532 0.067 0.845
36.6493 362.717 -202.151 0.135 0.6592 0.533 0.098 0.842
18.2808 80.7715 -168.599 0.4316 0.6479 0.26 0.088 0.958
3.795 343.372 -194.041 0.1565 0.6221 0.006 0.111 0.995
18.2808 80.7715 -168.599 0.4316 0.6479 0.26 0.088 0.958
27.7327 363.565 -196.605 0.135 0.6479 0.279 0.119 0.954
27.7327 363.565 -196.605 0.135 0.6479 0.279 0.119 0.954
18.2808 80.7715 -168.599 0.4316 0.6479 0.26 0.088 0.958
36.6493 362.717 -202.151 0.135 0.6592 0.533 0.098 0.842
27.7327 363.565 -196.605 0.135 0.6479 0.279 0.119 0.954
4.1686 447.1 -209.287 0.0474 0.6221 -0.003 0.15 0.989
3.795 343.372 -194.041 0.1565 0.6221 0.006 0.111 0.995
36.6493 362.717 -202.151 0.135 0.6592 0.533 0.098 0.842
36.5979 472.206 -218.96 0.0203 0.6592 0.535 0.13 0.84
27.7327 363.565 -196.605 0.135 0.6479 0.279 0.119 0.954
4.1686 447.1 -209.287 0.0474 0.6221 -0.003 0.15 0.989
27.7327 363.565 -196.605 0.135 0.6479 0.279 0.119 0.954
27.6813 473.054 -213.413 0.0203 0.6479 0.38 0.143 0.917
27.6813 473.054 -213.413 0.0203 0.6479 0.38 0.143 0.917
27.7327 363.565 -196.605 0.135 0.6479 0.279 0.119 0.954
36.5979 472.206 -218.96 0.0203 0.6592 0.535 0.13 0.84
-19.2922 272.159 -324.672 0.6558 0.999 -0.478 -0.871 0.112
-15.6676 269.975 -325.702 0.6514 0.9976 -0.749 -0.62 0.222
-18.6846 273.636 -323.125 0.6577 0.9976 0.125 -0.261 0.958
-14.5734 271.293 -324.299 0.6523 0.9956 0.03 -0.216 0.978
-18.6846 273.636 -323.125 0.6577 0.9976 0.125 -0.261 0.958
-15.6676 269.975 -325.702 0.6514 0.9976 -0.749 -0.62 0.222
-14.5734 271.293 -324.299 0.6523 0.9956 0.03 -0.216 0.978
-15.6676 269.975 -325.702 0.6514 0.9976 -0.749 -0.62 0.222
-12.4914 266.524 -324.74 0.6465 0.9951 -0.13 -0.049 0.995
-13.9598 266.064 -326.065 0.646 0.9976 -0.939 -0.146 0.308
-12.4914 266.524 -324.74 0.6465 0.9951 -0.13 -0.049 0.995
-15.6676 269.975 -325.702 0.6514 0.9976 -0.749 -0.62 0.222
-13.9598 266.064 -326.065 0.646 0.9976 -0.939 -0.146 0.308
-15.4646 231.084 -324.343 0.6074 0.9976 -0.913 0.257 0.317
-12.4914 266.524 -324.74 0.6465 0.9951 -0.13 -0.049 0.995
-14.5734 271.293 -324.299 0.6523 0.9956 0.03 -0.216 0.978
-13.4772 274.171 -324.766 0.6548 0.9932 0.618 0.344 0.702
-18.6846 273.636 -323.125 0.6577 0.9976 0.125 -0.261 0.958
-18.5622 276.831 -323.307 0.6606 0.9946 0.46 0.467 0.758
-18.6846 273.636 -323.125 0.6577 0.9976 0.125 -0.261 0.958
-13.4772 274.171 -324.766 0.6548 0.9932 0.618 0.344 0.702
-12.4914 266.524 -324.74 0.6465 0.9951 -0.13 -0.049 0.995
-10.6455 267.69 -325.363 0.6475 0.9932 0.763 0.104 0.642
-14.5734 271.293 -324.299 0.6523 0.9956 0.03 -0.216 0.978
-13.4772 274.171 -324.766 0.6548 0.9932 0.618 0.344 0.702
-14.5734 271.293 -324.299 0.6523 0.9956 0.03 -0.216 0.978
-10.6455 267.69 -325.363 0.6475 0.9932 0.763 0.104 0.642
-14.0537 230.245 -322.955 0.6064 0.9951 -0.098 0.162 0.984
-12.4914 266.524 -324.74 0.6465 0.9951 -0.13 -0.049 0.995
-15.4646 231.084 -324.343 0.6074 0.9976 -0.913 0.257 0.317
-12.4914 266.524 -324.74 0.6465 0.9951 -0.13 -0.049 0.995
-14.0537 230.245 -322.955 0.6064 0.9951 -0.098 0.162 0.984
-10.6455 267.69 -325.363 0.6475 0.9932 0.763 0.104 0.642
-15.4646 231.084 -324.343 0.6074 0.9976 -0.913 0.257 0.317
-17.4987 227.412 -323.606 0.6021 0.9976 -0.662 0.706 0.249
-14.0537 230.245 -322.955 0.6064 0.9951 -0.098 0.162 0.984
-13.4772 274.171 -324.766 0.6548 0.9932 0.618 0.344 0.702
-13.4755 275.728 -326.637 0.6558 0.9912 0.654 0.73 -0.196
-18.5622 276.831 -323.307 0.6606 0.9946 0.46 0.467 0.758
-19.0478 278.544 -325.035 0.6621 0.9912 0.417 0.895 -0.14
-18.5622 276.831 -323.307 0.6606 0.9946 0.46 0.467 0.758
-13.4755 275.728 -326.637 0.6558 0.9912 0.654 0.73 -0.196
-16.534 225.767 -322.059 0.6006 0.9951 0.083 0.286 0.957
-14.0537 230.245 -322.955 0.6064 0.9951 -0.098 0.162 0.984
-17.4987 227.412 -323.606 0.6021 0.9976 -0.662 0.706 0.249
-17.4987 227.412 -323.606 0.6021 0.9976 -0.662 0.706 0.249
-21.2909 225.702 -322.385 0.5972 0.999 -0.352 0.921 0.146
-16.534 225.767 -322.059 0.6006 0.9951 0.083 0.286 0.957
-20.8241 223.96 -320.682 0.5952 0.9971 0.167 0.305 0.94
-16.534 225.767 -322.059 0.6006 0.9951 0.083 0.286 0.957
-21.2909 225.702 -322.385 0.5972 0.999 -0.352 0.921 0.146
-14.0537 230.245 -322.955 0.6064 0.9951 -0.098 0.162 0.984
-16.534 225.767 -322.059 0.6006 0.9951 0.083 0.286 0.957
-12.318 228.851 -323.451 0.6055 0.9932 0.757 -0.126 0.639
-12.318 228.851 -323.451 0.6055 0.9932 0.757 -0.126 0.639
-10.6455 267.69 -325.363 0.6475 0.9932 0.763 0.104 0.642
-14.0537 230.245 -322.955 0.6064 0.9951 -0.098 0.162 0.984
-16.534 225.767 -322.059 0.6006 0.9951 0.083 0.286 0.957
-20.8241 223.96 -320.682 0.5952 0.9971 0.167 0.305 0.94
-15.6909 222.766 -322.237 0.5981 0.9927 0.603 -0.366 0.711
-15.6909 222.766 -322.237 0.5981 0.9927 0.603 -0.366 0.711
-12.318 228.851 -323.451 0.6055 0.9932 0.757 -0.126 0.639
-16.534 225.767 -322.059 0.6006 0.9951 0.083 0.286 0.957
-20.9767 220.768 -320.55 0.5923 0.9941 0.421 -0.488 0.766
-15.6909 222.766 -322.237 0.5981 0.9927 0.603 -0.366 0.711
-20.8241 223.96 -320.682 0.5952 0.9971 0.167 0.305 0.94
-20.9767 220.768 -320.55 0.5923 0.9941 0.421 -0.488 0.766
-21.5958 219.321 -322.12 0.5913 0.9907 0.303 -0.942 -0.132
-15.6909 222.766 -322.237 0.5981 0.9927 0.603 -0.366 0.711
-12.318 228.851 -323.451 0.6055 0.9932 0.757 -0.126 0.639
-11.9929 228.298 -325.335 0.6055 0.9912 0.897 -0.318 -0.304
-10.6455 267.69 -325.363 0.6475 0.9932 0.763 0.104 0.642
-12.318 228.851 -323.451 0.6055 0.9932 0.757 -0.126 0.639
-15.6909 222.766 -322.237 0.5981 0.9927 0.603 -0.366 0.711
-11.9929 228.298 -325.335 0.6055 0.9912 0.897 -0.318 -0.304
-15.8121 221.413 -323.962 0.5977 0.9912 0.558 -0.801 -0.206
-15.6909 222.766 -322.237 0.5981 0.9927 0.603 -0.366 0.711
-21.5958 219.321 -322.12 0.5913 0.9907 0.303 -0.942 -0.132
-15.8121 221.413 -323.962 0.5977 0.9912 0.558 -0.801 -0.206
-11.9929 228.298 -325.335 0.6055 0.9912 0.897 -0.318 -0.304
-15.6909 222.766 -322.237 0.5981 0.9927 0.603 -0.366 0.711
-22.0611 221.064 -323.82 0.5928 0.9873 -0.106 -0.461 -0.877
-15.8121 221.413 -323.962 0.5977 0.9912 0.558 -0.801 -0.206
-21.5958 219.321 -322.12 0.5913 0.9907 0.303 -0.942 -0.132
-15.8121 221.413 -323.962 0.5977 0.9912 0.558 -0.801 -0.206
-22.0611 221.064 -323.82 0.5928 0.9873 -0.106 -0.461 -0.877
-16.7756 223.06 -325.507 0.5986 0.9893 0.064 -0.37 -0.933
-15.8121 221.413 -323.962 0.5977 0.9912 0.558 -0.801 -0.206
-16.7756 223.06 -325.507 0.5986 0.9893 0.064 -0.37 -0.933
-11.9929 228.298 -325.335 0.6055 0.9912 0.897 -0.318 -0.304
-21.9089 224.253 -323.952 0.5957 0.9849 -0.409 0.289 -0.866
-16.7756 223.06 -325.507 0.5986 0.9893 0.064 -0.37 -0.933
-22.0611 221.064 -323.82 0.5928 0.9873 -0.106 -0.461 -0.877
-10.2681 268.394 -327.31 0.6479 0.9907 0.932 0.203 -0.297
-10.6455 267.69 -325.363 0.6475 0.9932 0.763 0.104 0.642
-11.9929 228.298 -325.335 0.6055 0.9912 0.897 -0.318 -0.304
-10.6455 267.69 -325.363 0.6475 0.9932 0.763 0.104 0.642
-10.2681 268.394 -327.31 0.6479 0.9907 0.932 0.203 -0.297
-13.4772 274.171 -324.766 0.6548 0.9932 0.618 0.344 0.702
-13.4755 275.728 -326.637 0.6558 0.9912 0.654 0.73 -0.196
-13.4772 274.171 -324.766 0.6548 0.9932 0.618 0.344 0.702
-10.2681 268.394 -327.31 0.6479 0.9907 0.932 0.203 -0.297
-11.9929 228.298 -325.335 0.6055 0.9912 0.897 -0.318 -0.304
-16.7756 223.06 -325.507 0.5986 0.9893 0.064 -0.37 -0.933
-13.4036 229.138 -326.721 0.606 0.9893 0.236 -0.151 -0.959
-11.9929 228.298 -325.335 0.6055 0.9912 0.897 -0.318 -0.304
-13.4036 229.138 -326.721 0.606 0.9893 0.236 -0.151 -0.959
-10.2681 268.394 -327.31 0.6479 0.9907 0.932 0.203 -0.297
-17.6191 226.058 -325.329 0.6011 0.9863 -0.498 0.265 -0.827
-16.7756 223.06 -325.507 0.5986 0.9893 0.064 -0.37 -0.933
-21.9089 224.253 -323.952 0.5957 0.9849 -0.409 0.289 -0.866
-17.6191 226.058 -325.329 0.6011 0.9863 -0.498 0.265 -0.827
-13.4036 229.138 -326.721 0.606 0.9893 0.236 -0.151 -0.959
-16.7756 223.06 -325.507 0.5986 0.9893 0.064 -0.37 -0.933
-21.2909 225.702 -322.385 0.5977 0.9829 -0.352 0.921 0.146
-17.4987 227.412 -323.606 0.6021 0.9844 -0.662 0.706 0.249
-21.9089 224.253 -323.952 0.5957 0.9849 -0.409 0.289 -0.866
-17.6191 226.058 -325.329 0.6011 0.9863 -0.498 0.265 -0.827
-21.9089 224.253 -323.952 0.5957 0.9849 -0.409 0.289 -0.866
-17.4987 227.412 -323.606 0.6021 0.9844 -0.662 0.706 0.249
-17.6191 226.058 -325.329 0.6011 0.9863 -0.498 0.265 -0.827
-17.4987 227.412 -323.606 0.6021 0.9844 -0.662 0.706 0.249
-15.1395 230.531 -326.226 0.6069 0.9868 -0.672 0.106 -0.738
-15.1395 230.531 -326.226 0.6069 0.9868 -0.672 0.106 -0.738
-13.4036 229.138 -326.721 0.606 0.9893 0.236 -0.151 -0.959
-17.6191 226.058 -325.329 0.6011 0.9863 -0.498 0.265 -0.827
-15.4646 231.084 -324.343 0.6074 0.9849 -0.913 0.257 0.317
-15.1395 230.531 -326.226 0.6069 0.9868 -0.672 0.106 -0.738
-17.4987 227.412 -323.606 0.6021 0.9844 -0.662 0.706 0.249
-15.1395 230.531 -326.226 0.6069 0.9868 -0.672 0.106 -0.738
-15.4646 231.084 -324.343 0.6074 0.9849 -0.913 0.257 0.317
-13.9598 266.064 -326.065 0.646 0.9849 -0.939 -0.146 0.308
-13.4036 229.138 -326.721 0.606 0.9893 0.236 -0.151 -0.959
-15.1395 230.531 -326.226 0.6069 0.9868 -0.672 0.106 -0.738
-11.7363 267.933 -328.635 0.6475 0.9888 0.26 0.053 -0.966
-10.2681 268.394 -327.31 0.6479 0.9907 0.932 0.203 -0.297
-13.4036 229.138 -326.721 0.606 0.9893 0.236 -0.151 -0.959
-11.7363 267.933 -328.635 0.6475 0.9888 0.26 0.053 -0.966
-13.9598 266.064 -326.065 0.646 0.9849 -0.939 -0.146 0.308
-13.5821 266.769 -328.013 0.647 0.9868 -0.667 -0.124 -0.739
-15.1395 230.531 -326.226 0.6069 0.9868 -0.672 0.106 -0.738
-13.5821 266.769 -328.013 0.647 0.9868 -0.667 -0.124 -0.739
-11.7363 267.933 -328.635 0.6475 0.9888 0.26 0.053 -0.966
-15.1395 230.531 -326.226 0.6069 0.9868 -0.672 0.106 -0.738
-13.5821 266.769 -328.013 0.647 0.9868 -0.667 -0.124 -0.739
-13.9598 266.064 -326.065 0.646 0.9849 -0.939 -0.146 0.308
-15.6676 269.975 -325.702 0.6514 0.9844 -0.749 -0.62 0.222
-15.6647 271.533 -327.571 0.6528 0.9868 -0.498 -0.28 -0.818
-13.5821 266.769 -328.013 0.647 0.9868 -0.667 -0.124 -0.739
-15.6676 269.975 -325.702 0.6514 0.9844 -0.749 -0.62 0.222
-11.7363 267.933 -328.635 0.6475 0.9888 0.26 0.053 -0.966
-13.5821 266.769 -328.013 0.647 0.9868 -0.667 -0.124 -0.739
-15.6647 271.533 -327.571 0.6528 0.9868 -0.498 -0.28 -0.818
-15.6676 269.975 -325.702 0.6514 0.9844 -0.749 -0.62 0.222
-19.2922 272.159 -324.672 0.6563 0.9829 -0.478 -0.871 0.112
-15.6647 271.533 -327.571 0.6528 0.9868 -0.498 -0.28 -0.818
-19.7762 273.874 -326.398 0.6582 0.9849 -0.421 -0.302 -0.855
-15.6647 271.533 -327.571 0.6528 0.9868 -0.498 -0.28 -0.818
-19.2922 272.159 -324.672 0.6563 0.9829 -0.478 -0.871 0.112
-14.5689 274.408 -328.039 0.6548 0.9893 0.12 0.306 -0.946
-11.7363 267.933 -328.635 0.6475 0.9888 0.26 0.053 -0.966
-15.6647 271.533 -327.571 0.6528 0.9868 -0.498 -0.28 -0.818
-15.6647 271.533 -327.571 0.6528 0.9868 -0.498 -0.28 -0.818
-19.7762 273.874 -326.398 0.6582 0.9849 -0.421 -0.302 -0.855
-14.5689 274.408 -328.039 0.6548 0.9893 0.12 0.306 -0.946
-10.2681 268.394 -327.31 0.6479 0.9907 0.932 0.203 -0.297
-11.7363 267.933 -328.635 0.6475 0.9888 0.26 0.053 -0.966
-14.5689 274.408 -328.039 0.6548 0.9893 0.12 0.306 -0.946
-14.5689 274.408 -328.039 0.6548 0.9893 0.12 0.306 -0.946
-13.4755 275.728 -326.637 0.6558 0.9912 0.654 0.73 -0.196
-10.2681 268.394 -327.31 0.6479 0.9907 0.932 0.203 -0.297
-19.7762 273.874 -326.398 0.6582 0.9849 -0.421 -0.302 -0.855
-19.6542 277.065 -326.579 0.6611 0.9878 -0.032 0.436 -0.895
-14.5689 274.408 -328.039 0.6548 0.9893 0.12 0.306 -0.946
-13.4755 275.728 -326.637 0.6558 0.9912 0.654 0.73 -0.196
-14.5689 274.408 -328.039 0.6548 0.9893 0.12 0.306 -0.946
-19.0478 278.544 -325.035 0.6621 0.9912 0.417 0.895 -0.14
-19.6542 277.065 -326.579 0.6611 0.9878 -0.032 0.436 -0.895
-19.0478 278.544 -325.035 0.6621 0.9912 0.417 0.895 -0.14
-14.5689 274.408 -328.039 0.6548 0.9893 0.12 0.306 -0.946
-53.4118 270.095 -350.392 0.302 0.0917 -0.344 -0.874 0.344
-54.3661 271.494 -351.983 0.3037 0.0937 -0.644 -0.372 -0.665
-50.2329 268.019 -352.355 0.2974 0.0934 -0.611 -0.621 0.489
-50.764 269.273 -354.219 0.2986 0.0956 -0.719 -0.333 -0.611
-50.2329 268.019 -352.355 0.2974 0.0934 -0.611 -0.621 0.489
-54.3661 271.494 -351.983 0.3037 0.0937 -0.644 -0.372 -0.665
-50.764 269.273 -354.219 0.2986 0.0956 -0.719 -0.333 -0.611
-54.3661 271.494 -351.983 0.3037 0.0937 -0.644 -0.372 -0.665
-49.8982 272.124 -355.127 0.3008 0.0981 -0.185 0.249 -0.948
-54.3661 271.494 -351.983 0.3037 0.0937 -0.644 -0.372 -0.665
-54.3472 274.638 -352.342 0.3066 0.0966 -0.338 0.365 -0.868
-49.8982 272.124 -355.127 0.3008 0.0981 -0.185 0.249 -0.948
-50.2329 268.019 -352.355 0.2974 0.0934 -0.611 -0.621 0.489
-50.764 269.273 -354.219 0.2986 0.0956 -0.719 -0.333 -0.611
-48.8432 264.628 -355.039 0.2925 0.0957 -0.848 -0.16 -0.502
-48.8432 264.628 -355.039 0.2925 0.0957 -0.848 -0.16 -0.502
-48.6577 264.205 -353.029 0.292 0.0936 -0.811 -0.139 0.572
-50.2329 268.019 -352.355 0.2974 0.0934 -0.611 -0.621 0.489
-49.8982 272.124 -355.127 0.3008 0.0981 -0.185 0.249 -0.948
-47.2856 265.811 -356.238 0.2935 0.0978 -0.036 0.001 -1.001
-50.764 269.273 -354.219 0.2986 0.0956 -0.719 -0.333 -0.611
-47.2856 265.811 -356.238 0.2935 0.0978 -0.036 0.001 -1.001
-48.8432 264.628 -355.039 0.2925 0.0957 -0.848 -0.16 -0.502
-50.764 269.273 -354.219 0.2986 0.0956 -0.719 -0.333 -0.611
-49.8982 272.124 -355.127 0.3008 0.0981 -0.185 0.249 -0.948
-54.3472 274.638 -352.342 0.3066 0.0966 -0.338 0.365 -0.868
-48.5013 273.725 -354.171 0.3018 0.1 0.522 0.732 -0.439
-54.3472 274.638 -352.342 0.3066 0.0966 -0.338 0.365 -0.868
-53.3738 276.387 -351.113 0.3081 0.1 0.302 0.902 -0.31
-48.5013 273.725 -354.171 0.3018 0.1 0.522 0.732 -0.439
-49.8982 272.124 -355.127 0.3008 0.0981 -0.185 0.249 -0.948
-48.5013 273.725 -354.171 0.3018 0.1 0.522 0.732 -0.439
-45.5424 266.575 -355.426 0.2939 0.0998 0.8 0.195 -0.568
-45.5424 266.575 -355.426 0.2939 0.0998 0.8 0.195 -0.568
-47.2856 265.811 -356.238 0.2935 0.0978 -0.036 0.001 -1.001
-49.8982 272.124 -355.127 0.3008 0.0981 -0.185 0.249 -0.948
-47.9691 272.473 -352.305 0.3008 0.1018 0.79 0.404 0.461
-48.5013 273.725 -354.171 0.3018 0.1 0.522 0.732 -0.439
-53.3738 276.387 -351.113 0.3081 0.1 0.302 0.902 -0.31
-48.5013 273.725 -354.171 0.3018 0.1 0.522 0.732 -0.439
-47.9691 272.473 -352.305 0.3008 0.1018 0.79 0.404 0.461
-45.5424 266.575 -355.426 0.2939 0.0998 0.8 0.195 -0.568
-53.3738 276.387 -351.113 0.3081 0.1 0.302 0.902 -0.31
-52.418 274.99 -349.521 0.3066 0.1034 0.639 0.53 0.558
-47.9691 272.473 -352.305 0.3008 0.1018 0.79 0.404 0.461
-52.418 274.99 -349.521 0.3066 0.1034 0.639 0.53 0.558
-52.437 271.842 -349.16 0.3037 0.1063 0.418 -0.201 0.883
-47.9691 272.473 -352.305 0.3008 0.1018 0.79 0.404 0.461
-48.8349 269.619 -351.396 0.2986 0.1044 0.347 -0.163 0.926
-47.9691 272.473 -352.305 0.3008 0.1018 0.79 0.404 0.461
-52.437 271.842 -349.16 0.3037 0.1063 0.418 -0.201 0.883
-52.437 271.842 -349.16 0.3037 0.1063 0.418 -0.201 0.883
-53.4118 270.095 -350.392 0.3018 0.1083 -0.344 -0.874 0.344
-48.8349 269.619 -351.396 0.2986 0.1044 0.347 -0.163 0.926
-50.2329 268.019 -352.355 0.2971 0.1065 -0.611 -0.621 0.489
-48.8349 269.619 -351.396 0.2986 0.1044 0.347 -0.163 0.926
-53.4118 270.095 -350.392 0.3018 0.1083 -0.344 -0.874 0.344
-45.3566 266.153 -353.415 0.2935 0.1019 0.911 0.147 0.38
-45.5424 266.575 -355.426 0.2939 0.0998 0.8 0.195 -0.568
-47.9691 272.473 -352.305 0.3008 0.1018 0.79 0.404 0.461
-47.9691 272.473 -352.305 0.3008 0.1018 0.79 0.404 0.461
-48.8349 269.619 -351.396 0.2986 0.1044 0.347 -0.163 0.926
-45.3566 266.153 -353.415 0.2935 0.1019 0.911 0.147 0.38
-48.8349 269.619 -351.396 0.2986 0.1044 0.347 -0.163 0.926
-50.2329 268.019 -352.355 0.2971 0.1065 -0.611 -0.621 0.489
-46.9142 264.968 -352.216 0.2925 0.1042 0.176 -0.008 0.988
-46.9142 264.968 -352.216 0.2925 0.1042 0.176 -0.008 0.988
-45.3566 266.153 -353.415 0.2935 0.1019 0.911 0.147 0.38
-48.8349 269.619 -351.396 0.2986 0.1044 0.347 -0.163 0.926
-48.6577 264.205 -353.029 0.292 0.1063 -0.811 -0.139 0.572
-46.9142 264.968 -352.216 0.2925 0.1042 0.176 -0.008 0.988
-50.2329 268.019 -352.355 0.2971 0.1065 -0.611 -0.621 0.489
-45.5424 266.575 -355.426 0.2939 0.0998 0.8 0.195 -0.568
-45.3566 266.153 -353.415 0.2935 0.1019 0.911 0.147 0.38
-45.9675 227.058 -351.203 0.2512 0.1 0.796 -0.322 -0.51
-45.5424 266.575 -355.426 0.2939 0.0998 0.8 0.195 -0.568
-45.9675 227.058 -351.203 0.2512 0.1 0.796 -0.322 -0.51
-47.2856 265.811 -356.238 0.2935 0.0978 -0.036 0.001 -1.001
-46.9142 264.968 -352.216 0.2925 0.1042 0.176 -0.008 0.988
-45.7689 227.872 -349.324 0.2517 0.102 0.911 -0.08 0.4
-45.3566 266.153 -353.415 0.2935 0.1019 0.911 0.147 0.38
-45.7689 227.872 -349.324 0.2517 0.102 0.911 -0.08 0.4
-45.9675 227.058 -351.203 0.2512 0.1 0.796 -0.322 -0.51
-45.3566 266.153 -353.415 0.2935 0.1019 0.911 0.147 0.38
-48.6577 264.205 -353.029 0.292 0.1063 -0.811 -0.139 0.572
-47.2999 229.202 -348.395 0.2527 0.1041 0.171 0.211 0.961
-46.9142 264.968 -352.216 0.2925 0.1042 0.176 -0.008 0.988
-47.2999 229.202 -348.395 0.2527 0.1041 0.171 0.211 0.961
-45.7689 227.872 -349.324 0.2517 0.102 0.911 -0.08 0.4
-46.9142 264.968 -352.216 0.2925 0.1042 0.176 -0.008 0.988
-49.0298 229.718 -349.345 0.2532 0.1061 -0.808 0.269 0.53
-47.2999 229.202 -348.395 0.2527 0.1041 0.171 0.211 0.961
-48.6577 264.205 -353.029 0.292 0.1063 -0.811 -0.139 0.572
-49.0298 229.718 -349.345 0.2532 0.1061 -0.808 0.269 0.53
-50.6864 226.048 -347.873 0.2478 0.1064 -0.617 0.704 0.351
-47.2999 229.202 -348.395 0.2527 0.1041 0.171 0.211 0.961
-47.2999 229.202 -348.395 0.2527 0.1041 0.171 0.211 0.961
-49.32 224.727 -346.602 0.2465 0.1042 0.326 0.348 0.875
-45.7689 227.872 -349.324 0.2517 0.102 0.911 -0.08 0.4
-49.32 224.727 -346.602 0.2465 0.1042 0.326 0.348 0.875
-47.2999 229.202 -348.395 0.2527 0.1041 0.171 0.211 0.961
-50.6864 226.048 -347.873 0.2478 0.1064 -0.617 0.704 0.351
-52.9684 222.836 -343.929 0.2412 0.106 0.416 0.364 0.837
-50.6864 226.048 -347.873 0.2478 0.1064 -0.617 0.704 0.351
-53.9084 224.266 -345.501 0.243 0.108 -0.368 0.916 0.165
-49.32 224.727 -346.602 0.2465 0.1042 0.326 0.348 0.875
-50.6864 226.048 -347.873 0.2478 0.1064 -0.617 0.704 0.351
-52.9684 222.836 -343.929 0.2412 0.106 0.416 0.364 0.837
-48.5163 221.789 -346.891 0.2444 0.1017 0.795 -0.302 0.531
-45.7689 227.872 -349.324 0.2517 0.102 0.911 -0.08 0.4
-49.32 224.727 -346.602 0.2465 0.1042 0.326 0.348 0.875
-49.32 224.727 -346.602 0.2465 0.1042 0.326 0.348 0.875
-52.9684 222.836 -343.929 0.2412 0.106 0.416 0.364 0.837
-48.5163 221.789 -346.891 0.2444 0.1017 0.795 -0.302 0.531
-45.7689 227.872 -349.324 0.2517 0.102 0.911 -0.08 0.4
-48.5163 221.789 -346.891 0.2444 0.1017 0.795 -0.302 0.531
-45.9675 227.058 -351.203 0.2512 0.1 0.796 -0.322 -0.51
-53.0176 219.683 -343.617 0.2382 0.1031 0.653 -0.414 0.635
-48.5163 221.789 -346.891 0.2444 0.1017 0.795 -0.302 0.531
-52.9684 222.836 -343.929 0.2412 0.106 0.416 0.364 0.837
-48.5163 221.789 -346.891 0.2444 0.1017 0.795 -0.302 0.531
-53.0176 219.683 -343.617 0.2382 0.1031 0.653 -0.414 0.635
-49.079 220.177 -348.451 0.2434 0.0998 0.53 -0.798 -0.282
-49.079 220.177 -348.451 0.2434 0.0998 0.53 -0.798 -0.282
-45.9675 227.058 -351.203 0.2512 0.1 0.796 -0.322 -0.51
-48.5163 221.789 -346.891 0.2444 0.1017 0.795 -0.302 0.531
-54.007 217.964 -344.877 0.2368 0.0998 0.332 -0.935 -0.132
-49.079 220.177 -348.451 0.2434 0.0998 0.53 -0.798 -0.282
-53.0176 219.683 -343.617 0.2382 0.1031 0.653 -0.414 0.635
-49.079 220.177 -348.451 0.2434 0.0998 0.53 -0.798 -0.282
-54.007 217.964 -344.877 0.2368 0.0998 0.332 -0.935 -0.132
-50.4444 221.5 -349.721 0.2444 0.098 -0.172 -0.434 -0.884
-45.9675 227.058 -351.203 0.2512 0.1 0.796 -0.322 -0.51
-49.079 220.177 -348.451 0.2434 0.0998 0.53 -0.798 -0.282
-50.4444 221.5 -349.721 0.2444 0.098 -0.172 -0.434 -0.884
-54.9457 219.396 -346.447 0.2382 0.0965 -0.314 -0.546 -0.78
-50.4444 221.5 -349.721 0.2444 0.098 -0.172 -0.434 -0.884
-54.007 217.964 -344.877 0.2368 0.0998 0.332 -0.935 -0.132
-54.8965 222.546 -346.759 0.2412 0.0937 -0.654 0.225 -0.727
-50.4444 221.5 -349.721 0.2444 0.098 -0.172 -0.434 -0.884
-54.9457 219.396 -346.447 0.2382 0.0965 -0.314 -0.546 -0.78
-45.9675 227.058 -351.203 0.2512 0.1 0.796 -0.322 -0.51
-50.4444 221.5 -349.721 0.2444 0.098 -0.172 -0.434 -0.884
-47.6971 227.575 -352.153 0.2517 0.098 -0.035 -0.211 -0.981
-47.6971 227.575 -352.153 0.2517 0.098 -0.035 -0.211 -0.981
-47.2856 265.811 -356.238 0.2935 0.0978 -0.036 0.001 -1.001
-45.9675 227.058 -351.203 0.2512 0.1 0.796 -0.322 -0.51
-48.8432 264.628 -355.039 0.2925 0.0957 -0.848 -0.16 -0.502
-47.2856 265.811 -356.238 0.2935 0.0978 -0.036 0.001 -1.001
-47.6971 227.575 -352.153 0.2517 0.098 -0.035 -0.211 -0.981
-51.2482 224.434 -349.431 0.2465 0.0955 -0.72 0.209 -0.666
-50.4444 221.5 -349.721 0.2444 0.098 -0.172 -0.434 -0.884
-54.8965 222.546 -346.759 0.2412 0.0937 -0.654 0.225 -0.727
-51.2482 224.434 -349.431 0.2465 0.0955 -0.72 0.209 -0.666
-47.6971 227.575 -352.153 0.2517 0.098 -0.035 -0.211 -0.981
-50.4444 221.5 -349.721 0.2444 0.098 -0.172 -0.434 -0.884
-53.9084 224.266 -345.501 0.243 0.0917 -0.368 0.916 0.165
-51.2482 224.434 -349.431 0.2465 0.0955 -0.72 0.209 -0.666
-54.8965 222.546 -346.759 0.2412 0.0937 -0.654 0.225 -0.727
-50.6864 226.048 -347.873 0.2478 0.0933 -0.617 0.704 0.351
-51.2482 224.434 -349.431 0.2465 0.0955 -0.72 0.209 -0.666
-53.9084 224.266 -345.501 0.243 0.0917 -0.368 0.916 0.165
-49.2283 228.904 -351.224 0.2527 0.0956 -0.849 0.068 -0.523
-48.8432 264.628 -355.039 0.2925 0.0957 -0.848 -0.16 -0.502
-47.6971 227.575 -352.153 0.2517 0.098 -0.035 -0.211 -0.981
-49.2283 228.904 -351.224 0.2527 0.0956 -0.849 0.068 -0.523
-47.6971 227.575 -352.153 0.2517 0.098 -0.035 -0.211 -0.981
-51.2482 224.434 -349.431 0.2465 0.0955 -0.72 0.209 -0.666
-51.2482 224.434 -349.431 0.2465 0.0955 -0.72 0.209 -0.666
-50.6864 226.048 -347.873 0.2478 0.0933 -0.617 0.704 0.351
-49.2283 228.904 -351.224 0.2527 0.0956 -0.849 0.068 -0.523
-48.6577 264.205 -353.029 0.292 0.0936 -0.811 -0.139 0.572
-48.8432 264.628 -355.039 0.2925 0.0957 -0.848 -0.16 -0.502
-49.2283 228.904 -351.224 0.2527 0.0956 -0.849 0.068 -0.523
-50.6864 226.048 -347.873 0.2478 0.0933 -0.617 0.704 0.351
-49.0298 229.718 -349.345 0.2532 0.0934 -0.808 0.269 0.53
-49.2283 228.904 -351.224 0.2527 0.0956 -0.849 0.068 -0.523
-49.0298 229.718 -349.345 0.2532 0.0934 -0.808 0.269 0.53
-48.6577 264.205 -353.029 0.292 0.0936 -0.811 -0.139 0.572
-49.2283 228.904 -351.224 0.2527 0.0956 -0.849 0.068 -0.523
-19.7762 273.874 -326.398 0.5352 0.8345 0.948 -0.053 -0.322
-20.311 272.573 -327.759 0.5371 0.834 0.369 -0.355 -0.864
-19.6542 277.065 -326.579 0.5337 0.8374 0.948 -0.053 -0.322
-19.7762 273.874 -326.398 0.5352 0.8345 0.948 -0.053 -0.322
-19.2922 272.159 -324.672 0.5347 0.832 0.948 -0.053 -0.322
-20.311 272.573 -327.759 0.5371 0.834 0.369 -0.355 -0.864
-20.0819 278.571 -328.101 0.5342 0.8394 0.389 0.268 -0.881
-19.6542 277.065 -326.579 0.5337 0.8374 0.948 -0.053 -0.322
-20.311 272.573 -327.759 0.5371 0.834 0.369 -0.355 -0.864
-19.6542 277.065 -326.579 0.5337 0.8374 0.948 -0.053 -0.322
-20.0819 278.571 -328.101 0.5342 0.8394 0.389 0.268 -0.881
-19.0478 278.544 -325.035 0.5317 0.8379 0.948 -0.053 -0.322
-19.2922 272.159 -324.672 0.5347 0.832 0.948 -0.053 -0.322
-19.4021 269.348 -324.516 0.5361 0.8291 0.505 -0.844 -0.18
-20.311 272.573 -327.759 0.5371 0.834 0.369 -0.355 -0.864
-20.311 272.573 -327.759 0.5371 0.834 0.369 -0.355 -0.864
-22.1181 272.685 -327.203 0.5391 0.834 -0.29 -0.412 -0.867
-20.0819 278.571 -328.101 0.5342 0.8394 0.389 0.268 -0.881
-20.311 272.573 -327.759 0.5371 0.834 0.369 -0.355 -0.864
-19.4021 269.348 -324.516 0.5361 0.8291 0.505 -0.844 -0.18
-22.1181 272.685 -327.203 0.5391 0.834 -0.29 -0.412 -0.867
-21.8891 278.682 -327.544 0.5352 0.8408 -0.246 0.383 -0.888
-20.0819 278.571 -328.101 0.5342 0.8394 0.389 0.268 -0.881
-22.1181 272.685 -327.203 0.5391 0.834 -0.29 -0.412 -0.867
-21.2092 269.46 -323.959 0.5366 0.8281 -0.064 -0.994 -0.011
-22.1181 272.685 -327.203 0.5391 0.834 -0.29 -0.412 -0.867
-19.4021 269.348 -324.516 0.5361 0.8291 0.505 -0.844 -0.18
-20.0819 278.571 -328.101 0.5342 0.8394 0.389 0.268 -0.881
-21.8891 278.682 -327.544 0.5352 0.8408 -0.246 0.383 -0.888
-20.7497 281.466 -324.642 0.5293 0.8418 0.059 1 -0.014
-21.2092 269.46 -323.959 0.5366 0.8281 -0.064 -0.994 -0.011
-19.4021 269.348 -324.516 0.5361 0.8291 0.505 -0.844 -0.18
-20.0658 272.236 -321.05 0.5308 0.8286 0.246 -0.391 0.889
-20.7497 281.466 -324.642 0.5293 0.8418 0.059 1 -0.014
-18.9425 281.356 -325.199 0.5303 0.8403 0.605 0.781 -0.178
-20.0819 278.571 -328.101 0.5342 0.8394 0.389 0.268 -0.881
-18.9425 281.356 -325.199 0.5303 0.8403 0.605 0.781 -0.178
-19.0478 278.544 -325.035 0.5317 0.8379 0.948 -0.053 -0.322
-20.0819 278.571 -328.101 0.5342 0.8394 0.389 0.268 -0.881
-18.2587 272.124 -321.606 0.5317 0.8301 0.8 -0.344 0.502
-20.0658 272.236 -321.05 0.5308 0.8286 0.246 -0.391 0.889
-19.4021 269.348 -324.516 0.5361 0.8291 0.505 -0.844 -0.18
-19.4021 269.348 -324.516 0.5361 0.8291 0.505 -0.844 -0.18
-19.2922 272.159 -324.672 0.5347 0.832 0.948 -0.053 -0.322
-18.2587 272.124 -321.606 0.5317 0.8301 0.8 -0.344 0.502
-18.6846 273.636 -323.125 0.5322 0.8325 0.948 -0.053 -0.322
-18.2587 272.124 -321.606 0.5317 0.8301 0.8 -0.344 0.502
-19.2922 272.159 -324.672 0.5347 0.832 0.948 -0.053 -0.322
-20.0658 272.236 -321.05 0.5308 0.8286 0.246 -0.391 0.889
-18.2587 272.124 -321.606 0.5317 0.8301 0.8 -0.344 0.502
-18.0281 278.135 -321.947 0.5288 0.8359 0.835 0.285 0.476
-18.2587 272.124 -321.606 0.5317 0.8301 0.8 -0.344 0.502
-18.6846 273.636 -323.125 0.5322 0.8325 0.948 -0.053 -0.322
-18.0281 278.135 -321.947 0.5288 0.8359 0.835 0.285 0.476
-18.0281 278.135 -321.947 0.5288 0.8359 0.835 0.285 0.476
-19.8353 278.245 -321.391 0.5273 0.8359 0.29 0.42 0.866
-20.0658 272.236 -321.05 0.5308 0.8286 0.246 -0.391 0.889
-19.8353 278.245 -321.391 0.5273 0.8359 0.29 0.42 0.866
-18.0281 278.135 -321.947 0.5288 0.8359 0.835 0.285 0.476
-20.7497 281.466 -324.642 0.5293 0.8418 0.059 1 -0.014
-18.9425 281.356 -325.199 0.5303 0.8403 0.605 0.781 -0.178
-20.7497 281.466 -324.642 0.5293 0.8418 0.059 1 -0.014
-18.0281 278.135 -321.947 0.5288 0.8359 0.835 0.285 0.476
-19.0478 278.544 -325.035 0.5317 0.8379 0.948 -0.053 -0.322
-18.9425 281.356 -325.199 0.5303 0.8403 0.605 0.781 -0.178
-18.0281 278.135 -321.947 0.5288 0.8359 0.835 0.285 0.476
-18.5622 276.831 -323.307 0.5308 0.8354 0.948 -0.053 -0.322
-18.0281 278.135 -321.947 0.5288 0.8359 0.835 0.285 0.476
-18.6846 273.636 -323.125 0.5322 0.8325 0.948 -0.053 -0.322
-18.5622 276.831 -323.307 0.5308 0.8354 0.948 -0.053 -0.322
-19.0478 278.544 -325.035 0.5317 0.8379 0.948 -0.053 -0.322
-18.0281 278.135 -321.947 0.5288 0.8359 0.835 0.285 0.476
-22.0611 221.064 -323.82 0.171 0.0861 0.948 -0.061 -0.321
-22.6059 219.791 -325.201 0.173 0.0856 0.369 -0.347 -0.865
-21.9089 224.253 -323.952 0.1696 0.0891 0.948 -0.061 -0.321
-22.0611 221.064 -323.82 0.171 0.0861 0.948 -0.061 -0.321
-21.5958 219.321 -322.12 0.1704 0.0836 0.948 -0.061 -0.321
-22.6059 219.791 -325.201 0.173 0.0856 0.369 -0.347 -0.865
-21.9089 224.253 -323.952 0.1696 0.0891 0.948 -0.061 -0.321
-22.6059 219.791 -325.201 0.173 0.0856 0.369 -0.347 -0.865
-22.3201 225.785 -325.451 0.17 0.0912 0.39 0.276 -0.882
-21.2909 225.702 -322.385 0.1674 0.0896 0.948 -0.061 -0.321
-21.9089 224.253 -323.952 0.1696 0.0891 0.948 -0.061 -0.321
-22.3201 225.785 -325.451 0.17 0.0912 0.39 0.276 -0.882
-21.7323 216.512 -322.006 0.1718 0.081 0.501 -0.844 -0.187
-22.6059 219.791 -325.201 0.173 0.0856 0.369 -0.347 -0.865
-21.5958 219.321 -322.12 0.1704 0.0836 0.948 -0.061 -0.321
-22.6059 219.791 -325.201 0.173 0.0856 0.369 -0.347 -0.865
-24.4128 219.911 -324.646 0.1749 0.0857 -0.293 -0.397 -0.875
-22.3201 225.785 -325.451 0.17 0.0912 0.39 0.276 -0.882
-22.6059 219.791 -325.201 0.173 0.0856 0.369 -0.347 -0.865
-21.7323 216.512 -322.006 0.1718 0.081 0.501 -0.844 -0.187
-24.4128 219.911 -324.646 0.1749 0.0857 -0.293 -0.397 -0.875
-22.3201 225.785 -325.451 0.17 0.0912 0.39 0.276 -0.882
-24.4128 219.911 -324.646 0.1749 0.0857 -0.293 -0.397 -0.875
-24.1271 225.904 -324.896 0.1711 0.0927 -0.242 0.399 -0.883
-23.5391 216.633 -321.451 0.1725 0.0798 -0.072 -0.995 -0.024
-24.4128 219.911 -324.646 0.1749 0.0857 -0.293 -0.397 -0.875
-21.7323 216.512 -322.006 0.1718 0.081 0.501 -0.844 -0.187
-24.1271 225.904 -324.896 0.1711 0.0927 -0.242 0.399 -0.883
-22.966 228.63 -321.95 0.1653 0.0935 0.067 1.001 -0
-22.3201 225.785 -325.451 0.17 0.0912 0.39 0.276 -0.882
-22.3741 219.351 -318.498 0.1666 0.0805 0.241 -0.407 0.884
-23.5391 216.633 -321.451 0.1725 0.0798 -0.072 -0.995 -0.024
-21.7323 216.512 -322.006 0.1718 0.081 0.501 -0.844 -0.187
-21.159 228.512 -322.505 0.166 0.0922 0.609 0.773 -0.171
-22.3201 225.785 -325.451 0.17 0.0912 0.39 0.276 -0.882
-22.966 228.63 -321.95 0.1653 0.0935 0.067 1.001 -0
-22.3201 225.785 -325.451 0.17 0.0912 0.39 0.276 -0.882
-21.159 228.512 -322.505 0.166 0.0922 0.609 0.773 -0.171
-21.2909 225.702 -322.385 0.1674 0.0896 0.948 -0.061 -0.321
-21.5958 219.321 -322.12 0.1704 0.0836 0.948 -0.061 -0.321
-20.5673 219.231 -319.053 0.1677 0.082 0.796 -0.352 0.496
-21.7323 216.512 -322.006 0.1718 0.081 0.501 -0.844 -0.187
-22.3741 219.351 -318.498 0.1666 0.0805 0.241 -0.407 0.884
-21.7323 216.512 -322.006 0.1718 0.081 0.501 -0.844 -0.187
-20.5673 219.231 -319.053 0.1677 0.082 0.796 -0.352 0.496
-20.9767 220.768 -320.55 0.1682 0.0842 0.948 -0.061 -0.321
-20.5673 219.231 -319.053 0.1677 0.082 0.796 -0.352 0.496
-21.5958 219.321 -322.12 0.1704 0.0836 0.948 -0.061 -0.321
-21.159 228.512 -322.505 0.166 0.0922 0.609 0.773 -0.171
-20.2798 225.237 -319.302 0.1648 0.0876 0.834 0.269 0.477
-21.2909 225.702 -322.385 0.1674 0.0896 0.948 -0.061 -0.321
-22.966 228.63 -321.95 0.1653 0.0935 0.067 1.001 -0
-20.2798 225.237 -319.302 0.1648 0.0876 0.834 0.269 0.477
-21.159 228.512 -322.505 0.166 0.0922 0.609 0.773 -0.171
-20.5673 219.231 -319.053 0.1677 0.082 0.796 -0.352 0.496
-20.9767 220.768 -320.55 0.1682 0.0842 0.948 -0.061 -0.321
-20.2798 225.237 -319.302 0.1648 0.0876 0.834 0.269 0.477
-20.5673 219.231 -319.053 0.1677 0.082 0.796 -0.352 0.496
-20.2798 225.237 -319.302 0.1648 0.0876 0.834 0.269 0.477
-22.3741 219.351 -318.498 0.1666 0.0805 0.241 -0.407 0.884
-20.2798 225.237 -319.302 0.1648 0.0876 0.834 0.269 0.477
-20.9767 220.768 -320.55 0.1682 0.0842 0.948 -0.061 -0.321
-20.8241 223.96 -320.682 0.1667 0.0872 0.948 -0.061 -0.321
-20.8241 223.96 -320.682 0.1667 0.0872 0.948 -0.061 -0.321
-21.2909 225.702 -322.385 0.1674 0.0896 0.948 -0.061 -0.321
-20.2798 225.237 -319.302 0.1648 0.0876 0.834 0.269 0.477
-22.0868 225.356 -318.747 0.163 0.0875 0.29 0.404 0.867
-22.3741 219.351 -318.498 0.1666 0.0805 0.241 -0.407 0.884
-20.2798 225.237 -319.302 0.1648 0.0876 0.834 0.269 0.477
-22.966 228.63 -321.95 0.1653 0.0935 0.067 1.001 -0
-22.0868 225.356 -318.747 0.163 0.0875 0.29 0.404 0.867
-20.2798 225.237 -319.302 0.1648 0.0876 0.834 0.269 0.477
-54.8965 222.546 -346.759 0.5288 0.709 0.83 -0.066 -0.554
-54.9457 219.396 -346.447 0.5308 0.7061 0.83 -0.066 -0.554
-55.7241 223.804 -348.142 0.5298 0.7114 0.116 0.218 -0.968
-55.7241 223.804 -348.142 0.5298 0.7114 0.116 0.218 -0.968
-53.9084 224.266 -345.501 0.5269 0.71 0.83 -0.066 -0.554
-54.8965 222.546 -346.759 0.5288 0.709 0.83 -0.066 -0.554
-55.8166 217.885 -347.556 0.5327 0.7056 0.114 -0.402 -0.907
-55.7241 223.804 -348.142 0.5298 0.7114 0.116 0.218 -0.968
-54.9457 219.396 -346.447 0.5308 0.7061 0.83 -0.066 -0.554
-54.9457 219.396 -346.447 0.5308 0.7061 0.83 -0.066 -0.554
-54.007 217.964 -344.877 0.5298 0.7041 0.83 -0.066 -0.554
-55.8166 217.885 -347.556 0.5327 0.7056 0.114 -0.402 -0.907
-55.7241 223.804 -348.142 0.5298 0.7114 0.116 0.218 -0.968
-53.8674 227.04 -345.78 0.5254 0.7124 0.481 0.776 -0.407
-53.9084 224.266 -345.501 0.5269 0.71 0.83 -0.066 -0.554
-55.7241 223.804 -348.142 0.5298 0.7114 0.116 0.218 -0.968
-55.8166 217.885 -347.556 0.5327 0.7056 0.114 -0.402 -0.907
-57.2835 223.876 -347.079 0.5308 0.7129 -0.523 0.325 -0.786
-55.7241 223.804 -348.142 0.5298 0.7114 0.116 0.218 -0.968
-57.2835 223.876 -347.079 0.5308 0.7129 -0.523 0.325 -0.786
-53.8674 227.04 -345.78 0.5254 0.7124 0.481 0.776 -0.407
-57.376 217.956 -346.493 0.5347 0.7056 -0.51 -0.477 -0.716
-57.2835 223.876 -347.079 0.5308 0.7129 -0.523 0.325 -0.786
-55.8166 217.885 -347.556 0.5327 0.7056 0.114 -0.402 -0.907
-55.4267 227.112 -344.716 0.5244 0.7139 -0.016 0.998 -0.088
-53.8674 227.04 -345.78 0.5254 0.7124 0.481 0.776 -0.407
-57.2835 223.876 -347.079 0.5308 0.7129 -0.523 0.325 -0.786
-55.8166 217.885 -347.556 0.5327 0.7056 0.114 -0.402 -0.907
-55.6122 215.261 -343.543 0.5322 0.7002 0.016 -0.998 0.088
-57.376 217.956 -346.493 0.5347 0.7056 -0.51 -0.477 -0.716
-55.4267 227.112 -344.716 0.5244 0.7139 -0.016 0.998 -0.088
-53.6578 224.424 -341.759 0.522 0.708 0.513 0.462 0.724
-53.8674 227.04 -345.78 0.5254 0.7124 0.481 0.776 -0.407
-55.6122 215.261 -343.543 0.5322 0.7002 0.016 -0.998 0.088
-55.8166 217.885 -347.556 0.5327 0.7056 0.114 -0.402 -0.907
-54.0527 215.189 -344.606 0.5313 0.7012 0.481 -0.84 -0.249
-54.0527 215.189 -344.606 0.5313 0.7012 0.481 -0.84 -0.249
-55.8166 217.885 -347.556 0.5327 0.7056 0.114 -0.402 -0.907
-54.007 217.964 -344.877 0.5298 0.7041 0.83 -0.066 -0.554
-53.8674 227.04 -345.78 0.5254 0.7124 0.481 0.776 -0.407
-52.0984 224.352 -342.822 0.5239 0.7085 0.922 0.33 0.205
-53.9084 224.266 -345.501 0.5269 0.71 0.83 -0.066 -0.554
-52.0984 224.352 -342.822 0.5239 0.7085 0.922 0.33 0.205
-53.8674 227.04 -345.78 0.5254 0.7124 0.481 0.776 -0.407
-53.6578 224.424 -341.759 0.522 0.708 0.513 0.462 0.724
-52.9684 222.836 -343.929 0.5259 0.7075 0.83 -0.066 -0.554
-53.9084 224.266 -345.501 0.5269 0.71 0.83 -0.066 -0.554
-52.0984 224.352 -342.822 0.5239 0.7085 0.922 0.33 0.205
-53.6578 224.424 -341.759 0.522 0.708 0.513 0.462 0.724
-52.1912 218.42 -342.234 0.5269 0.7026 0.919 -0.297 0.267
-52.0984 224.352 -342.822 0.5239 0.7085 0.922 0.33 0.205
-52.0984 224.352 -342.822 0.5239 0.7085 0.922 0.33 0.205
-52.1912 218.42 -342.234 0.5269 0.7026 0.919 -0.297 0.267
-52.9684 222.836 -343.929 0.5259 0.7075 0.83 -0.066 -0.554
-54.007 217.964 -344.877 0.5298 0.7041 0.83 -0.066 -0.554
-52.1912 218.42 -342.234 0.5269 0.7026 0.919 -0.297 0.267
-54.0527 215.189 -344.606 0.5313 0.7012 0.481 -0.84 -0.249
-54.0527 215.189 -344.606 0.5313 0.7012 0.481 -0.84 -0.249
-52.1912 218.42 -342.234 0.5269 0.7026 0.919 -0.297 0.267
-55.6122 215.261 -343.543 0.5322 0.7002 0.016 -0.998 0.088
-53.0176 219.683 -343.617 0.5278 0.7046 0.83 -0.066 -0.554
-52.1912 218.42 -342.234 0.5269 0.7026 0.919 -0.297 0.267
-54.007 217.964 -344.877 0.5298 0.7041 0.83 -0.066 -0.554
-53.0176 219.683 -343.617 0.5278 0.7046 0.83 -0.066 -0.554
-52.9684 222.836 -343.929 0.5259 0.7075 0.83 -0.066 -0.554
-52.1912 218.42 -342.234 0.5269 0.7026 0.919 -0.297 0.267
-53.7507 218.492 -341.171 0.5259 0.7012 0.523 -0.34 0.788
-55.6122 215.261 -343.543 0.5322 0.7002 0.016 -0.998 0.088
-52.1912 218.42 -342.234 0.5269 0.7026 0.919 -0.297 0.267
-53.7507 218.492 -341.171 0.5259 0.7012 0.523 -0.34 0.788
-52.1912 218.42 -342.234 0.5269 0.7026 0.919 -0.297 0.267
-53.6578 224.424 -341.759 0.522 0.708 0.513 0.462 0.724
-54.3472 274.638 -352.342 0.5439 0.7241 0.826 -0.066 -0.561
-54.3661 271.494 -351.983 0.5454 0.7212 0.826 -0.066 -0.561
-55.1886 275.867 -353.744 0.5444 0.7261 0.112 0.21 -0.974
-54.3472 274.638 -352.342 0.5439 0.7241 0.826 -0.066 -0.561
-55.1886 275.867 -353.744 0.5444 0.7261 0.112 0.21 -0.974
-53.3738 276.387 -351.113 0.5415 0.7246 0.826 -0.066 -0.561
-54.3661 271.494 -351.983 0.5454 0.7212 0.826 -0.066 -0.561
-55.2242 269.957 -353.068 0.5474 0.7202 0.118 -0.417 -0.899
-55.1886 275.867 -353.744 0.5444 0.7261 0.112 0.21 -0.974
-55.2242 269.957 -353.068 0.5474 0.7202 0.118 -0.417 -0.899
-54.3661 271.494 -351.983 0.5454 0.7212 0.826 -0.066 -0.561
-53.4118 270.095 -350.392 0.5449 0.7187 0.826 -0.066 -0.561
-53.3594 279.156 -351.433 0.54 0.7271 0.473 0.775 -0.42
-53.3738 276.387 -351.113 0.5415 0.7246 0.826 -0.066 -0.561
-55.1886 275.867 -353.744 0.5444 0.7261 0.112 0.21 -0.974
-55.1886 275.867 -353.744 0.5444 0.7261 0.112 0.21 -0.974
-55.2242 269.957 -353.068 0.5474 0.7202 0.118 -0.417 -0.899
-56.7472 275.94 -352.679 0.5454 0.7275 -0.528 0.309 -0.792
-56.7472 275.94 -352.679 0.5454 0.7275 -0.528 0.309 -0.792
-54.9178 279.229 -350.368 0.5396 0.7285 -0.024 0.997 -0.101
-55.1886 275.867 -353.744 0.5444 0.7261 0.112 0.21 -0.974
-53.3594 279.156 -351.433 0.54 0.7271 0.473 0.775 -0.42
-55.1886 275.867 -353.744 0.5444 0.7261 0.112 0.21 -0.974
-54.9178 279.229 -350.368 0.5396 0.7285 -0.024 0.997 -0.101
-56.7828 270.03 -352.003 0.5493 0.7207 -0.506 -0.492 -0.709
-56.7472 275.94 -352.679 0.5454 0.7275 -0.528 0.309 -0.792
-55.2242 269.957 -353.068 0.5474 0.7202 0.118 -0.417 -0.899
-53.3594 279.156 -351.433 0.54 0.7271 0.473 0.775 -0.42
-54.9178 279.229 -350.368 0.5396 0.7285 -0.024 0.997 -0.101
-53.1195 276.604 -347.373 0.5371 0.7227 0.51 0.477 0.716
-56.7828 270.03 -352.003 0.5493 0.7207 -0.506 -0.492 -0.709
-55.2242 269.957 -353.068 0.5474 0.7202 0.118 -0.417 -0.899
-54.9893 267.397 -349.015 0.5469 0.7148 0.024 -0.997 0.101
-53.3738 276.387 -351.113 0.5415 0.7246 0.826 -0.066 -0.561
-53.3594 279.156 -351.433 0.54 0.7271 0.473 0.775 -0.42
-51.561 276.531 -348.438 0.5386 0.7231 0.922 0.338 0.204
-51.561 276.531 -348.438 0.5386 0.7231 0.922 0.338 0.204
-53.3594 279.156 -351.433 0.54 0.7271 0.473 0.775 -0.42
-53.1195 276.604 -347.373 0.5371 0.7227 0.51 0.477 0.716
-52.418 274.99 -349.521 0.541 0.7222 0.826 -0.066 -0.561
-53.3738 276.387 -351.113 0.5415 0.7246 0.826 -0.066 -0.561
-51.561 276.531 -348.438 0.5386 0.7231 0.922 0.338 0.204
-53.4307 267.324 -350.079 0.5464 0.7163 0.49 -0.84 -0.236
-54.9893 267.397 -349.015 0.5469 0.7148 0.024 -0.997 0.101
-55.2242 269.957 -353.068 0.5474 0.7202 0.118 -0.417 -0.899
-53.4118 270.095 -350.392 0.5449 0.7187 0.826 -0.066 -0.561
-53.4307 267.324 -350.079 0.5464 0.7163 0.49 -0.84 -0.236
-55.2242 269.957 -353.068 0.5474 0.7202 0.118 -0.417 -0.899
-54.9893 267.397 -349.015 0.5469 0.7148 0.024 -0.997 0.101
-53.4307 267.324 -350.079 0.5464 0.7163 0.49 -0.84 -0.236
-53.1554 270.681 -346.695 0.541 0.7158 0.523 -0.325 0.786
-52.418 274.99 -349.521 0.541 0.7222 0.826 -0.066 -0.561
-51.561 276.531 -348.438 0.5386 0.7231 0.922 0.338 0.204
-51.5968 270.608 -347.76 0.542 0.7173 0.92 -0.281 0.266
-51.561 276.531 -348.438 0.5386 0.7231 0.922 0.338 0.204
-53.1195 276.604 -347.373 0.5371 0.7227 0.51 0.477 0.716
-51.5968 270.608 -347.76 0.542 0.7173 0.92 -0.281 0.266
-53.1554 270.681 -346.695 0.541 0.7158 0.523 -0.325 0.786
-51.5968 270.608 -347.76 0.542 0.7173 0.92 -0.281 0.266
-53.1195 276.604 -347.373 0.5371 0.7227 0.51 0.477 0.716
-51.5968 270.608 -347.76 0.542 0.7173 0.92 -0.281 0.266
-53.1554 270.681 -346.695 0.541 0.7158 0.523 -0.325 0.786
-53.4307 267.324 -350.079 0.5464 0.7163 0.49 -0.84 -0.236
-53.4307 267.324 -350.079 0.5464 0.7163 0.49 -0.84 -0.236
-53.4118 270.095 -350.392 0.5449 0.7187 0.826 -0.066 -0.561
-51.5968 270.608 -347.76 0.542 0.7173 0.92 -0.281 0.266
-52.437 271.842 -349.16 0.5425 0.7192 0.826 -0.066 -0.561
-52.418 274.99 -349.521 0.541 0.7222 0.826 -0.066 -0.561
-51.5968 270.608 -347.76 0.542 0.7173 0.92 -0.281 0.266
-52.437 271.842 -349.16 0.5425 0.7192 0.826 -0.066 -0.561
-51.5968 270.608 -347.76 0.542 0.7173 0.92 -0.281 0.266
-53.4118 270.095 -350.392 0.5449 0.7187 0.826 -0.066 -0.561
