Vertex Count: 1128

Data:

-219.982 -202.253 901.651 0.8799 0.8398 0.69 -0.703 0.181
-217.992 -200.728 894.299 0.8818 0.8262 0.926 -0.368 -0.096
-218.622 -200.796 902.081 0.8838 0.8394 0.894 -0.39 0.23
-246.726 -54.6614 904.992 0.5127 0.8105 -0.577 0.115 -0.805
-247.636 -149.616 890.526 0.519 0.9854 -0.576 0.131 -0.803
-250.264 -55.2096 908.493 0.5029 0.811 -0.823 0.094 -0.566
-247.636 -149.616 890.526 0.519 0.9854 -0.576 0.131 -0.803
-246.726 -54.6614 904.992 0.5127 0.8105 -0.577 0.115 -0.805
-242.969 -149.141 888.395 0.5288 0.9844 -0.264 0.146 -0.95
-250.264 -55.2096 908.493 0.5029 0.811 -0.823 0.094 -0.566
-244.542 73.9347 921.187 0.5078 0.5742 -0.817 0.078 -0.564
-246.726 -54.6614 904.992 0.5127 0.8105 -0.577 0.115 -0.805
-242.188 -54.3506 902.895 0.5229 0.8101 -0.261 0.131 -0.959
-242.969 -149.141 888.395 0.5288 0.9844 -0.264 0.146 -0.95
-246.726 -54.6614 904.992 0.5127 0.8105 -0.577 0.115 -0.805
-237.977 -149 887.972 0.5376 0.9844 0.084 0.147 -0.986
-242.969 -149.141 888.395 0.5288 0.9844 -0.264 0.146 -0.95
-242.188 -54.3506 902.895 0.5229 0.8101 -0.261 0.131 -0.959
-241.132 74.2331 917.773 0.5171 0.5742 -0.574 0.092 -0.815
-246.726 -54.6614 904.992 0.5127 0.8105 -0.577 0.115 -0.805
-244.542 73.9347 921.187 0.5078 0.5742 -0.817 0.078 -0.564
-246.726 -54.6614 904.992 0.5127 0.8105 -0.577 0.115 -0.805
-241.132 74.2331 917.773 0.5171 0.5742 -0.574 0.092 -0.815
-242.188 -54.3506 902.895 0.5229 0.8101 -0.261 0.131 -0.959
-241.132 74.2331 917.773 0.5171 0.5742 -0.574 0.092 -0.815
-244.542 73.9347 921.187 0.5078 0.5742 -0.817 0.078 -0.564
-240.078 245.127 934.342 0.5137 0.2617 -0.573 0.1 -0.814
-243.839 245.186 938.123 0.5044 0.261 -0.814 0.063 -0.573
-240.078 245.127 934.342 0.5137 0.2617 -0.573 0.1 -0.814
-244.542 73.9347 921.187 0.5078 0.5742 -0.817 0.078 -0.564
-240.413 272.173 938.45 0.5103 0.2119 -0.577 0.115 -0.805
-243.839 245.186 938.123 0.5044 0.261 -0.814 0.063 -0.573
-244.972 272.226 943.021 0.4993 0.2112 -0.832 0.07 -0.555
-240.078 245.127 934.342 0.5137 0.2617 -0.573 0.1 -0.814
-243.839 245.186 938.123 0.5044 0.261 -0.814 0.063 -0.573
-240.413 272.173 938.45 0.5103 0.2119 -0.577 0.115 -0.805
-234.563 272.156 935.701 0.521 0.2123 -0.261 0.139 -0.958
-240.078 245.127 934.342 0.5137 0.2617 -0.573 0.1 -0.814
-240.413 272.173 938.45 0.5103 0.2119 -0.577 0.115 -0.805
-240.078 245.127 934.342 0.5137 0.2617 -0.573 0.1 -0.814
-235.248 245.107 932.071 0.5215 0.262 -0.261 0.115 -0.961
-241.132 74.2331 917.773 0.5171 0.5742 -0.574 0.092 -0.815
-235.248 245.107 932.071 0.5215 0.262 -0.261 0.115 -0.961
-240.078 245.127 934.342 0.5137 0.2617 -0.573 0.1 -0.814
-234.563 272.156 935.701 0.521 0.2123 -0.261 0.139 -0.958
-236.756 74.3375 915.72 0.5264 0.5742 -0.262 0.1 -0.963
-242.188 -54.3506 902.895 0.5229 0.8101 -0.261 0.131 -0.959
-241.132 74.2331 917.773 0.5171 0.5742 -0.574 0.092 -0.815
-236.756 74.3375 915.72 0.5264 0.5742 -0.262 0.1 -0.963
-241.132 74.2331 917.773 0.5171 0.5742 -0.574 0.092 -0.815
-235.248 245.107 932.071 0.5215 0.262 -0.261 0.115 -0.961
-230.078 245.128 931.596 0.5298 0.2617 0.082 0.108 -0.991
-235.248 245.107 932.071 0.5215 0.262 -0.261 0.115 -0.961
-234.563 272.156 935.701 0.521 0.2123 -0.261 0.139 -0.958
-235.248 245.107 932.071 0.5215 0.262 -0.261 0.115 -0.961
-230.078 245.128 931.596 0.5298 0.2617 0.082 0.108 -0.991
-236.756 74.3375 915.72 0.5264 0.5742 -0.262 0.1 -0.963
-234.563 272.156 935.701 0.521 0.2123 -0.261 0.139 -0.958
-228.301 272.176 935.123 0.5317 0.212 0.065 0.124 -0.99
-230.078 245.128 931.596 0.5298 0.2617 0.082 0.108 -0.991
-222.027 269.508 936.514 0.5415 0.2162 0.436 0.085 -0.898
-230.078 245.128 931.596 0.5298 0.2617 0.082 0.108 -0.991
-228.301 272.176 935.123 0.5317 0.212 0.065 0.124 -0.99
-230.078 245.128 931.596 0.5298 0.2617 0.082 0.108 -0.991
-222.027 269.508 936.514 0.5415 0.2162 0.436 0.085 -0.898
-224.868 242.667 932.654 0.5391 0.2656 0.412 0.079 -0.904
-237.333 -54.3155 902.468 0.5337 0.8096 0.083 0.124 -0.989
-242.188 -54.3506 902.895 0.5229 0.8101 -0.261 0.131 -0.959
-236.756 74.3375 915.72 0.5264 0.5742 -0.262 0.1 -0.963
-242.188 -54.3506 902.895 0.5229 0.8101 -0.261 0.131 -0.959
-237.333 -54.3155 902.468 0.5337 0.8096 0.083 0.124 -0.989
-237.977 -149 887.972 0.5376 0.9844 0.084 0.147 -0.986
-232.074 74.2381 915.286 0.5356 0.5742 0.082 0.092 -0.993
-236.756 74.3375 915.72 0.5264 0.5742 -0.262 0.1 -0.963
-230.078 245.128 931.596 0.5298 0.2617 0.082 0.108 -0.991
-236.756 74.3375 915.72 0.5264 0.5742 -0.262 0.1 -0.963
-232.074 74.2381 915.286 0.5356 0.5742 0.082 0.092 -0.993
-237.333 -54.3155 902.468 0.5337 0.8096 0.083 0.124 -0.989
-224.868 242.667 932.654 0.5391 0.2656 0.412 0.079 -0.904
-232.074 74.2381 915.286 0.5356 0.5742 0.082 0.092 -0.993
-230.078 245.128 931.596 0.5298 0.2617 0.082 0.108 -0.991
-237.333 -54.3155 902.468 0.5337 0.8096 0.083 0.124 -0.989
-232.366 -54.5613 903.748 0.5444 0.8096 0.423 0.102 -0.904
-237.977 -149 887.972 0.5376 0.9844 0.084 0.147 -0.986
-237.333 -54.3155 902.468 0.5337 0.8096 0.083 0.124 -0.989
-232.074 74.2381 915.286 0.5356 0.5742 0.082 0.092 -0.993
-232.366 -54.5613 903.748 0.5444 0.8096 0.423 0.102 -0.904
-232.87 -149.201 889.296 0.5469 0.9839 0.42 0.133 -0.894
-237.977 -149 887.972 0.5376 0.9844 0.084 0.147 -0.986
-232.366 -54.5613 903.748 0.5444 0.8096 0.423 0.102 -0.904
-232.87 -149.201 889.296 0.5469 0.9839 0.42 0.133 -0.894
-232.366 -54.5613 903.748 0.5444 0.8096 0.423 0.102 -0.904
-228.514 -149.752 892.348 0.5562 0.9839 0.712 0.1 -0.693
-224.868 242.667 932.654 0.5391 0.2656 0.412 0.079 -0.904
-227.284 73.9365 916.512 0.5449 0.5742 0.423 0.079 -0.907
-232.074 74.2381 915.286 0.5356 0.5742 0.082 0.092 -0.993
-227.284 73.9365 916.512 0.5449 0.5742 0.423 0.079 -0.907
-232.366 -54.5613 903.748 0.5444 0.8096 0.423 0.102 -0.904
-232.074 74.2381 915.286 0.5356 0.5742 0.082 0.092 -0.993
-227.284 73.9365 916.512 0.5449 0.5742 0.423 0.079 -0.907
-224.868 242.667 932.654 0.5391 0.2656 0.412 0.079 -0.904
-223.195 73.4611 919.381 0.5542 0.5742 0.707 0.046 -0.71
-223.195 73.4611 919.381 0.5542 0.5742 0.707 0.046 -0.71
-232.366 -54.5613 903.748 0.5444 0.8096 0.423 0.102 -0.904
-227.284 73.9365 916.512 0.5449 0.5742 0.423 0.079 -0.907
-228.129 -55.079 906.719 0.5547 0.8096 0.708 0.07 -0.707
-228.514 -149.752 892.348 0.5562 0.9839 0.712 0.1 -0.693
-232.366 -54.5613 903.748 0.5444 0.8096 0.423 0.102 -0.904
-228.129 -55.079 906.719 0.5547 0.8096 0.708 0.07 -0.707
-232.366 -54.5613 903.748 0.5444 0.8096 0.423 0.102 -0.904
-223.195 73.4611 919.381 0.5542 0.5742 0.707 0.046 -0.71
-225.367 -55.7344 910.597 0.564 0.8096 0.906 0.037 -0.422
-228.514 -149.752 892.348 0.5562 0.9839 0.712 0.1 -0.693
-228.129 -55.079 906.719 0.5547 0.8096 0.708 0.07 -0.707
-225.676 -150.503 896.322 0.5649 0.9844 0.907 0.061 -0.419
-228.514 -149.752 892.348 0.5562 0.9839 0.712 0.1 -0.693
-225.367 -55.7344 910.597 0.564 0.8096 0.906 0.037 -0.422
-220.53 72.9255 923.137 0.5625 0.5742 0.906 0.014 -0.425
-228.129 -55.079 906.719 0.5547 0.8096 0.708 0.07 -0.707
-223.195 73.4611 919.381 0.5542 0.5742 0.707 0.046 -0.71
-225.367 -55.7344 910.597 0.564 0.8096 0.906 0.037 -0.422
-228.129 -55.079 906.719 0.5547 0.8096 0.708 0.07 -0.707
-220.53 72.9255 923.137 0.5625 0.5742 0.906 0.014 -0.425
-220.281 244.913 936.104 0.5493 0.2605 0.7 0.039 -0.715
-223.195 73.4611 919.381 0.5542 0.5742 0.707 0.046 -0.71
-224.868 242.667 932.654 0.5391 0.2656 0.412 0.079 -0.904
-223.195 73.4611 919.381 0.5542 0.5742 0.707 0.046 -0.71
-220.281 244.913 936.104 0.5493 0.2605 0.7 0.039 -0.715
-220.53 72.9255 923.137 0.5625 0.5742 0.906 0.014 -0.425
-224.868 242.667 932.654 0.5391 0.2656 0.412 0.079 -0.904
-222.027 269.508 936.514 0.5435 0.2162 0.436 0.085 -0.898
-220.281 244.913 936.104 0.5493 0.2605 0.7 0.039 -0.715
-216.438 271.884 940.565 0.5532 0.2106 0.739 0.009 -0.677
-220.281 244.913 936.104 0.5493 0.2605 0.7 0.039 -0.715
-222.027 269.508 936.514 0.5435 0.2162 0.436 0.085 -0.898
-220.281 244.913 936.104 0.5493 0.2605 0.7 0.039 -0.715
-216.438 271.884 940.565 0.5532 0.2106 0.739 0.009 -0.677
-217.333 245.022 940.271 0.5591 0.2593 0.898 -0.017 -0.433
-217.333 245.022 940.271 0.5591 0.2593 0.898 -0.017 -0.433
-220.53 72.9255 923.137 0.5625 0.5742 0.906 0.014 -0.425
-220.281 244.913 936.104 0.5493 0.2605 0.7 0.039 -0.715
-212.871 271.981 945.599 0.563 0.2087 0.919 -0.069 -0.398
-217.333 245.022 940.271 0.5591 0.2593 0.898 -0.017 -0.433
-216.438 271.884 940.565 0.5532 0.2106 0.739 0.009 -0.677
-220.53 72.9255 923.137 0.5625 0.5742 0.906 0.014 -0.425
-217.333 245.022 940.271 0.5591 0.2593 0.898 -0.017 -0.433
-219.271 72.3307 927.767 0.5713 0.5742 0.996 -0.021 -0.093
-219.271 72.3307 927.767 0.5713 0.5742 0.996 -0.021 -0.093
-225.367 -55.7344 910.597 0.564 0.8096 0.906 0.037 -0.422
-220.53 72.9255 923.137 0.5625 0.5742 0.906 0.014 -0.425
-217.333 245.022 940.271 0.5591 0.2593 0.898 -0.017 -0.433
-212.871 271.981 945.599 0.563 0.2087 0.919 -0.069 -0.398
-215.936 245.142 945.406 0.5693 0.2578 0.994 -0.076 -0.1
-215.936 245.142 945.406 0.5693 0.2578 0.994 -0.076 -0.1
-219.271 72.3307 927.767 0.5713 0.5742 0.996 -0.021 -0.093
-217.333 245.022 940.271 0.5591 0.2593 0.898 -0.017 -0.433
-211.183 272.088 951.803 0.5728 0.2067 0.989 -0.16 -0.057
-215.936 245.142 945.406 0.5693 0.2578 0.994 -0.076 -0.1
-212.871 271.981 945.599 0.563 0.2087 0.919 -0.069 -0.398
-224.064 -56.5259 915.368 0.5737 0.8101 0.996 -0.005 -0.092
-225.367 -55.7344 910.597 0.564 0.8096 0.906 0.037 -0.422
-219.271 72.3307 927.767 0.5713 0.5742 0.996 -0.021 -0.093
-224.064 -56.5259 915.368 0.5737 0.8101 0.996 -0.005 -0.092
-225.676 -150.503 896.322 0.5649 0.9844 0.907 0.061 -0.419
-225.367 -55.7344 910.597 0.564 0.8096 0.906 0.037 -0.422
-224.337 -151.451 901.206 0.5742 0.9849 0.993 0.01 -0.083
-225.676 -150.503 896.322 0.5649 0.9844 0.907 0.061 -0.419
-224.064 -56.5259 915.368 0.5737 0.8101 0.996 -0.005 -0.092
-219.271 72.3307 927.767 0.5713 0.5742 0.996 -0.021 -0.093
-215.936 245.142 945.406 0.5693 0.2578 0.994 -0.076 -0.1
-219.683 71.7714 932.551 0.5801 0.5737 0.969 -0.054 0.253
-219.683 71.7714 932.551 0.5801 0.5737 0.969 -0.054 0.253
-224.064 -56.5259 915.368 0.5737 0.8101 0.996 -0.005 -0.092
-219.271 72.3307 927.767 0.5713 0.5742 0.996 -0.021 -0.093
-215.936 245.142 945.406 0.5693 0.2578 0.994 -0.076 -0.1
-211.183 272.088 951.803 0.5728 0.2067 0.989 -0.16 -0.057
-216.385 245.255 950.71 0.5796 0.2563 0.962 -0.14 0.249
-216.385 245.255 950.71 0.5796 0.2563 0.962 -0.14 0.249
-219.683 71.7714 932.551 0.5801 0.5737 0.969 -0.054 0.253
-215.936 245.142 945.406 0.5693 0.2578 0.994 -0.076 -0.1
-211.731 272.188 958.213 0.5825 0.2048 0.929 -0.237 0.275
-216.385 245.255 950.71 0.5796 0.2563 0.962 -0.14 0.249
-211.183 272.088 951.803 0.5728 0.2067 0.989 -0.16 -0.057
-224.493 -57.3299 920.292 0.5835 0.8105 0.965 -0.054 0.26
-224.337 -151.451 901.206 0.5742 0.9849 0.993 0.01 -0.083
-224.064 -56.5259 915.368 0.5737 0.8101 0.996 -0.005 -0.092
-224.493 -57.3299 920.292 0.5835 0.8105 0.965 -0.054 0.26
-224.064 -56.5259 915.368 0.5737 0.8101 0.996 -0.005 -0.092
-219.683 71.7714 932.551 0.5801 0.5737 0.969 -0.054 0.253
-224.78 -152.449 906.242 0.5835 0.9854 0.965 -0.039 0.261
-224.337 -151.451 901.206 0.5742 0.9849 0.993 0.01 -0.083
-224.493 -57.3299 920.292 0.5835 0.8105 0.965 -0.054 0.26
-219.683 71.7714 932.551 0.5801 0.5737 0.969 -0.054 0.253
-216.385 245.255 950.71 0.5796 0.2563 0.962 -0.14 0.249
-221.717 71.315 936.914 0.5889 0.5737 0.824 -0.079 0.568
-221.717 71.315 936.914 0.5889 0.5737 0.824 -0.079 0.568
-224.493 -57.3299 920.292 0.5835 0.8105 0.965 -0.054 0.26
-219.683 71.7714 932.551 0.5801 0.5737 0.969 -0.054 0.253
-216.385 245.255 950.71 0.5796 0.2563 0.962 -0.14 0.249
-211.731 272.188 958.213 0.5825 0.2048 0.929 -0.237 0.275
-218.625 245.346 955.544 0.5898 0.2551 0.81 -0.188 0.558
-218.625 245.346 955.544 0.5898 0.2551 0.81 -0.188 0.558
-221.717 71.315 936.914 0.5889 0.5737 0.824 -0.079 0.568
-216.385 245.255 950.71 0.5796 0.2563 0.962 -0.14 0.249
-214.448 272.269 964.057 0.5923 0.2031 0.77 -0.298 0.56
-218.625 245.346 955.544 0.5898 0.2551 0.81 -0.188 0.558
-211.731 272.188 958.213 0.5825 0.2048 0.929 -0.237 0.275
-226.604 -58.0494 924.775 0.5933 0.8105 0.813 -0.087 0.57
-224.78 -152.449 906.242 0.5835 0.9854 0.965 -0.039 0.261
-224.493 -57.3299 920.292 0.5835 0.8105 0.965 -0.054 0.26
-226.604 -58.0494 924.775 0.5933 0.8105 0.813 -0.087 0.57
-224.493 -57.3299 920.292 0.5835 0.8105 0.965 -0.054 0.26
-221.717 71.315 936.914 0.5889 0.5737 0.824 -0.079 0.568
-226.952 -153.378 910.82 0.5928 0.9863 0.813 -0.087 0.57
-224.78 -152.449 906.242 0.5835 0.9854 0.965 -0.039 0.261
-226.604 -58.0494 924.775 0.5933 0.8105 0.813 -0.087 0.57
-221.717 71.315 936.914 0.5889 0.5737 0.824 -0.079 0.568
-218.625 245.346 955.544 0.5898 0.2551 0.81 -0.188 0.558
-225.127 71.0166 940.328 0.5981 0.5737 0.573 -0.1 0.814
-225.127 71.0166 940.328 0.5981 0.5737 0.573 -0.1 0.814
-226.604 -58.0494 924.775 0.5933 0.8105 0.813 -0.087 0.57
-221.717 71.315 936.914 0.5889 0.5737 0.824 -0.079 0.568
-218.625 245.346 955.544 0.5898 0.2551 0.81 -0.188 0.558
-214.448 272.269 964.057 0.5923 0.2031 0.77 -0.298 0.56
-222.387 245.405 959.325 0.6011 0.2542 0.563 -0.217 0.796
-222.387 245.405 959.325 0.6011 0.2542 0.563 -0.217 0.796
-225.127 71.0166 940.328 0.5981 0.5737 0.573 -0.1 0.814
-218.625 245.346 955.544 0.5898 0.2551 0.81 -0.188 0.558
-219.007 272.321 968.628 0.6016 0.2021 0.535 -0.332 0.777
-222.387 245.405 959.325 0.6011 0.2542 0.563 -0.217 0.796
-214.448 272.269 964.057 0.5923 0.2031 0.77 -0.298 0.56
-230.142 -58.5976 928.276 0.6021 0.811 0.573 -0.108 0.813
-226.952 -153.378 910.82 0.5928 0.9863 0.813 -0.087 0.57
-226.604 -58.0494 924.775 0.5933 0.8105 0.813 -0.087 0.57
-230.142 -58.5976 928.276 0.6021 0.811 0.573 -0.108 0.813
-226.604 -58.0494 924.775 0.5933 0.8105 0.813 -0.087 0.57
-225.127 71.0166 940.328 0.5981 0.5737 0.573 -0.1 0.814
-230.591 -154.124 914.391 0.6021 0.9868 0.573 -0.123 0.811
-226.952 -153.378 910.82 0.5928 0.9863 0.813 -0.087 0.57
-230.142 -58.5976 928.276 0.6021 0.811 0.573 -0.108 0.813
-225.127 71.0166 940.328 0.5981 0.5737 0.573 -0.1 0.814
-222.387 245.405 959.325 0.6011 0.2542 0.563 -0.217 0.796
-229.503 70.9122 942.381 0.6074 0.5737 0.262 -0.108 0.962
-229.503 70.9122 942.381 0.6074 0.5737 0.262 -0.108 0.962
-230.142 -58.5976 928.276 0.6021 0.811 0.573 -0.108 0.813
-225.127 71.0166 940.328 0.5981 0.5737 0.573 -0.1 0.814
-222.387 245.405 959.325 0.6011 0.2542 0.563 -0.217 0.796
-219.007 272.321 968.628 0.6016 0.2021 0.535 -0.332 0.777
-227.217 245.424 961.596 0.6123 0.2539 0.255 -0.231 0.936
-227.217 245.424 961.596 0.6123 0.2539 0.255 -0.231 0.936
-229.503 70.9122 942.381 0.6074 0.5737 0.262 -0.108 0.962
-222.387 245.405 959.325 0.6011 0.2542 0.563 -0.217 0.796
-224.858 272.338 971.377 0.6113 0.2015 0.245 -0.346 0.901
-227.217 245.424 961.596 0.6123 0.2539 0.255 -0.231 0.936
-219.007 272.321 968.628 0.6016 0.2021 0.535 -0.332 0.777
-234.68 -58.9085 930.373 0.6104 0.811 0.261 -0.123 0.96
-230.591 -154.124 914.391 0.6021 0.9868 0.573 -0.123 0.811
-230.142 -58.5976 928.276 0.6021 0.811 0.573 -0.108 0.813
-234.68 -58.9085 930.373 0.6104 0.811 0.261 -0.123 0.96
-230.142 -58.5976 928.276 0.6021 0.811 0.573 -0.108 0.813
-229.503 70.9122 942.381 0.6074 0.5737 0.262 -0.108 0.962
-235.258 -154.599 916.522 0.6113 0.9873 0.254 -0.138 0.954
-230.591 -154.124 914.391 0.6021 0.9868 0.573 -0.123 0.811
-234.68 -58.9085 930.373 0.6104 0.811 0.261 -0.123 0.96
-229.503 70.9122 942.381 0.6074 0.5737 0.262 -0.108 0.962
-227.217 245.424 961.596 0.6123 0.2539 0.255 -0.231 0.936
-234.118 71.0102 942.809 0.6162 0.5732 -0.082 -0.1 0.992
-229.503 70.9122 942.381 0.6074 0.5737 0.262 -0.108 0.962
-234.118 71.0102 942.809 0.6162 0.5732 -0.082 -0.1 0.992
-234.68 -58.9085 930.373 0.6104 0.811 0.261 -0.123 0.96
-227.217 245.424 961.596 0.6123 0.2539 0.255 -0.231 0.936
-224.858 272.338 971.377 0.6113 0.2015 0.245 -0.346 0.901
-232.313 245.403 962.064 0.623 0.2539 -0.048 -0.242 0.97
-232.313 245.403 962.064 0.623 0.2539 -0.048 -0.242 0.97
-234.118 71.0102 942.809 0.6162 0.5732 -0.082 -0.1 0.992
-227.217 245.424 961.596 0.6123 0.2539 0.255 -0.231 0.936
-231.03 272.324 971.947 0.6211 0.2017 -0.004 -0.342 0.94
-232.313 245.403 962.064 0.623 0.2539 -0.048 -0.242 0.97
-224.858 272.338 971.377 0.6113 0.2015 0.245 -0.346 0.901
-237.615 269.767 970.018 0.6323 0.207 -0.38 -0.314 0.871
-232.313 245.403 962.064 0.623 0.2539 -0.048 -0.242 0.97
-231.03 272.324 971.947 0.6211 0.2017 -0.004 -0.342 0.94
-234.68 -58.9085 930.373 0.6104 0.811 0.261 -0.123 0.96
-239.465 -58.943 930.795 0.6182 0.8115 -0.083 -0.116 0.99
-235.258 -154.599 916.522 0.6113 0.9873 0.254 -0.138 0.954
-239.465 -58.943 930.795 0.6182 0.8115 -0.083 -0.116 0.99
-234.68 -58.9085 930.373 0.6104 0.811 0.261 -0.123 0.96
-234.118 71.0102 942.809 0.6162 0.5732 -0.082 -0.1 0.992
-240.179 -154.739 916.939 0.6201 0.9878 -0.083 -0.139 0.987
-235.258 -154.599 916.522 0.6113 0.9873 0.254 -0.138 0.954
-239.465 -58.943 930.795 0.6182 0.8115 -0.083 -0.116 0.99
-240.179 -154.739 916.939 0.6201 0.9878 -0.083 -0.139 0.987
-239.465 -58.943 930.795 0.6182 0.8115 -0.083 -0.116 0.99
-245.357 -154.54 915.62 0.6299 0.9878 -0.42 -0.125 0.895
-237.752 243.193 960.451 0.6343 0.2585 -0.415 -0.181 0.892
-234.118 71.0102 942.809 0.6162 0.5732 -0.082 -0.1 0.992
-232.313 245.403 962.064 0.623 0.2539 -0.048 -0.242 0.97
-232.313 245.403 962.064 0.623 0.2539 -0.048 -0.242 0.97
-237.615 269.767 970.018 0.6323 0.207 -0.38 -0.314 0.871
-237.752 243.193 960.451 0.6343 0.2585 -0.415 -0.181 0.892
-238.975 71.3132 941.589 0.626 0.5732 -0.412 -0.079 0.904
-239.465 -58.943 930.795 0.6182 0.8115 -0.083 -0.116 0.99
-234.118 71.0102 942.809 0.6162 0.5732 -0.082 -0.1 0.992
-238.975 71.3132 941.589 0.626 0.5732 -0.412 -0.079 0.904
-234.118 71.0102 942.809 0.6162 0.5732 -0.082 -0.1 0.992
-237.752 243.193 960.451 0.6343 0.2585 -0.415 -0.181 0.892
-244.501 -58.6977 929.52 0.6274 0.8115 -0.419 -0.094 0.899
-245.357 -154.54 915.62 0.6299 0.9878 -0.42 -0.125 0.895
-239.465 -58.943 930.795 0.6182 0.8115 -0.083 -0.116 0.99
-244.501 -58.6977 929.52 0.6274 0.8115 -0.419 -0.094 0.899
-239.465 -58.943 930.795 0.6182 0.8115 -0.083 -0.116 0.99
-238.975 71.3132 941.589 0.626 0.5732 -0.412 -0.079 0.904
-244.501 -58.6977 929.52 0.6274 0.8115 -0.419 -0.094 0.899
-248.699 -58.1895 926.605 0.6367 0.8115 -0.708 -0.062 0.708
-245.357 -154.54 915.62 0.6299 0.9878 -0.42 -0.125 0.895
-244.501 -58.6977 929.52 0.6274 0.8115 -0.419 -0.094 0.899
-238.975 71.3132 941.589 0.626 0.5732 -0.412 -0.079 0.904
-248.699 -58.1895 926.605 0.6367 0.8115 -0.708 -0.062 0.708
-249.672 -153.999 912.626 0.6396 0.9878 -0.709 -0.093 0.704
-245.357 -154.54 915.62 0.6299 0.9878 -0.42 -0.125 0.895
-248.699 -58.1895 926.605 0.6367 0.8115 -0.708 -0.062 0.708
-249.672 -153.999 912.626 0.6396 0.9878 -0.709 -0.093 0.704
-248.699 -58.1895 926.605 0.6367 0.8115 -0.708 -0.062 0.708
-252.551 -153.238 908.595 0.6489 0.9878 -0.9 -0.053 0.424
-238.975 71.3132 941.589 0.626 0.5732 -0.412 -0.079 0.904
-237.752 243.193 960.451 0.6343 0.2585 -0.415 -0.181 0.892
-243.025 71.7809 938.774 0.6353 0.5732 -0.707 -0.054 0.709
-243.025 71.7809 938.774 0.6353 0.5732 -0.707 -0.054 0.709
-248.699 -58.1895 926.605 0.6367 0.8115 -0.708 -0.062 0.708
-238.975 71.3132 941.589 0.626 0.5732 -0.412 -0.079 0.904
-251.5 -57.5246 922.672 0.6455 0.8115 -0.906 -0.029 0.423
-252.551 -153.238 908.595 0.6489 0.9878 -0.9 -0.053 0.424
-248.699 -58.1895 926.605 0.6367 0.8115 -0.708 -0.062 0.708
-248.699 -58.1895 926.605 0.6367 0.8115 -0.708 -0.062 0.708
-243.025 71.7809 938.774 0.6353 0.5732 -0.707 -0.054 0.709
-251.5 -57.5246 922.672 0.6455 0.8115 -0.906 -0.029 0.423
-252.551 -153.238 908.595 0.6489 0.9878 -0.9 -0.053 0.424
-251.5 -57.5246 922.672 0.6455 0.8115 -0.906 -0.029 0.423
-253.89 -152.29 903.711 0.6582 0.9873 -0.997 -0.002 0.091
-242.142 245.62 957.624 0.645 0.2551 -0.717 -0.169 0.673
-243.025 71.7809 938.774 0.6353 0.5732 -0.707 -0.054 0.709
-237.752 243.193 960.451 0.6343 0.2585 -0.415 -0.181 0.892
-242.142 245.62 957.624 0.645 0.2551 -0.717 -0.169 0.673
-237.752 243.193 960.451 0.6343 0.2585 -0.415 -0.181 0.892
-237.615 269.767 970.018 0.6323 0.207 -0.38 -0.314 0.871
-242.931 272.617 966.586 0.6436 0.2032 -0.715 -0.238 0.658
-242.142 245.62 957.624 0.645 0.2551 -0.717 -0.169 0.673
-237.615 269.767 970.018 0.6323 0.207 -0.38 -0.314 0.871
-246.549 272.513 961.479 0.6538 0.2052 -0.878 -0.175 0.443
-242.142 245.62 957.624 0.645 0.2551 -0.717 -0.169 0.673
-242.931 272.617 966.586 0.6436 0.2032 -0.715 -0.238 0.658
-245.132 245.509 953.396 0.6548 0.2566 -0.902 -0.108 0.418
-242.142 245.62 957.624 0.645 0.2551 -0.717 -0.169 0.673
-246.549 272.513 961.479 0.6538 0.2052 -0.878 -0.175 0.443
-242.142 245.62 957.624 0.645 0.2551 -0.717 -0.169 0.673
-245.132 245.509 953.396 0.6548 0.2566 -0.902 -0.108 0.418
-243.025 71.7809 938.774 0.6353 0.5732 -0.707 -0.054 0.709
-248.237 272.406 955.275 0.6646 0.2074 -0.988 -0.094 0.123
-245.132 245.509 953.396 0.6548 0.2566 -0.902 -0.108 0.418
-246.549 272.513 961.479 0.6538 0.2052 -0.878 -0.175 0.443
-245.729 72.3242 934.964 0.644 0.5737 -0.906 -0.021 0.424
-243.025 71.7809 938.774 0.6353 0.5732 -0.707 -0.054 0.709
-245.132 245.509 953.396 0.6548 0.2566 -0.902 -0.108 0.418
-245.729 72.3242 934.964 0.644 0.5737 -0.906 -0.021 0.424
-251.5 -57.5246 922.672 0.6455 0.8115 -0.906 -0.029 0.423
-243.025 71.7809 938.774 0.6353 0.5732 -0.707 -0.054 0.709
-246.529 245.389 948.261 0.6646 0.2583 -0.998 -0.042 0.086
-245.132 245.509 953.396 0.6548 0.2566 -0.902 -0.108 0.418
-248.237 272.406 955.275 0.6646 0.2074 -0.988 -0.094 0.123
-245.132 245.509 953.396 0.6548 0.2566 -0.902 -0.108 0.418
-246.529 245.389 948.261 0.6646 0.2583 -0.998 -0.042 0.086
-245.729 72.3242 934.964 0.644 0.5737 -0.906 -0.021 0.424
-247.689 272.306 948.865 0.6753 0.2098 -0.969 -0.004 -0.231
-246.529 245.389 948.261 0.6646 0.2583 -0.998 -0.042 0.086
-248.237 272.406 955.275 0.6646 0.2074 -0.988 -0.094 0.123
-251.5 -57.5246 922.672 0.6455 0.8115 -0.906 -0.029 0.423
-245.729 72.3242 934.964 0.644 0.5737 -0.906 -0.021 0.424
-252.804 -56.7331 917.9 0.6548 0.811 -0.996 0.013 0.092
-252.804 -56.7331 917.9 0.6548 0.811 -0.996 0.013 0.092
-253.89 -152.29 903.711 0.6582 0.9873 -0.997 -0.002 0.091
-251.5 -57.5246 922.672 0.6455 0.8115 -0.906 -0.029 0.423
-253.89 -152.29 903.711 0.6582 0.9873 -0.997 -0.002 0.091
-252.804 -56.7331 917.9 0.6548 0.811 -0.996 0.013 0.092
-253.447 -151.292 898.675 0.6675 0.9863 -0.966 0.044 -0.243
-246.988 72.919 930.334 0.6528 0.5737 -0.996 0.013 0.092
-245.729 72.3242 934.964 0.644 0.5737 -0.906 -0.021 0.424
-246.529 245.389 948.261 0.6646 0.2583 -0.998 -0.042 0.086
-246.988 72.919 930.334 0.6528 0.5737 -0.996 0.013 0.092
-252.804 -56.7331 917.9 0.6548 0.811 -0.996 0.013 0.092
-245.729 72.3242 934.964 0.644 0.5737 -0.906 -0.021 0.424
-246.08 245.277 942.957 0.6743 0.2603 -0.966 0.015 -0.264
-246.529 245.389 948.261 0.6646 0.2583 -0.998 -0.042 0.086
-247.689 272.306 948.865 0.6753 0.2098 -0.969 -0.004 -0.231
-246.529 245.389 948.261 0.6646 0.2583 -0.998 -0.042 0.086
-246.08 245.277 942.957 0.6743 0.2603 -0.966 0.015 -0.264
-246.988 72.919 930.334 0.6528 0.5737 -0.996 0.013 0.092
-244.972 272.226 943.021 0.687 0.2125 -0.832 0.07 -0.555
-246.08 245.277 942.957 0.6743 0.2603 -0.966 0.015 -0.264
-247.689 272.306 948.865 0.6753 0.2098 -0.969 -0.004 -0.231
-243.839 245.186 938.123 0.6836 0.262 -0.814 0.063 -0.573
-246.08 245.277 942.957 0.6743 0.2603 -0.966 0.015 -0.264
-244.972 272.226 943.021 0.687 0.2125 -0.832 0.07 -0.555
-252.374 -55.9291 912.976 0.6641 0.811 -0.969 0.061 -0.252
-253.447 -151.292 898.675 0.6675 0.9863 -0.966 0.044 -0.243
-252.804 -56.7331 917.9 0.6548 0.811 -0.996 0.013 0.092
-252.804 -56.7331 917.9 0.6548 0.811 -0.996 0.013 0.092
-246.988 72.919 930.334 0.6528 0.5737 -0.996 0.013 0.092
-252.374 -55.9291 912.976 0.6641 0.811 -0.969 0.061 -0.252
-253.447 -151.292 898.675 0.6675 0.9863 -0.966 0.044 -0.243
-252.374 -55.9291 912.976 0.6641 0.811 -0.969 0.061 -0.252
-251.275 -150.363 894.096 0.6768 0.9858 -0.827 0.094 -0.559
-250.264 -55.2096 908.493 0.6729 0.8105 -0.823 0.094 -0.566
-251.275 -150.363 894.096 0.6768 0.9858 -0.827 0.094 -0.559
-252.374 -55.9291 912.976 0.6641 0.811 -0.969 0.061 -0.252
-246.576 73.4783 925.55 0.6616 0.5742 -0.969 0.046 -0.254
-246.988 72.919 930.334 0.6528 0.5737 -0.996 0.013 0.092
-246.08 245.277 942.957 0.6743 0.2603 -0.966 0.015 -0.264
-246.576 73.4783 925.55 0.6616 0.5742 -0.969 0.046 -0.254
-252.374 -55.9291 912.976 0.6641 0.811 -0.969 0.061 -0.252
-246.988 72.919 930.334 0.6528 0.5737 -0.996 0.013 0.092
-246.08 245.277 942.957 0.6743 0.2603 -0.966 0.015 -0.264
-243.839 245.186 938.123 0.6836 0.262 -0.814 0.063 -0.573
-246.576 73.4783 925.55 0.6616 0.5742 -0.969 0.046 -0.254
-252.374 -55.9291 912.976 0.6641 0.811 -0.969 0.061 -0.252
-246.576 73.4783 925.55 0.6616 0.5742 -0.969 0.046 -0.254
-250.264 -55.2096 908.493 0.6729 0.8105 -0.823 0.094 -0.566
-244.542 73.9347 921.187 0.6704 0.5742 -0.817 0.078 -0.564
-246.576 73.4783 925.55 0.6616 0.5742 -0.969 0.046 -0.254
-243.839 245.186 938.123 0.6836 0.262 -0.814 0.063 -0.573
-244.542 73.9347 921.187 0.6704 0.5742 -0.817 0.078 -0.564
-250.264 -55.2096 908.493 0.6729 0.8105 -0.823 0.094 -0.566
-246.576 73.4783 925.55 0.6616 0.5742 -0.969 0.046 -0.254
-256.397 -149.798 890.907 0.9727 0.7295 -0.637 0.708 -0.306
-251.264 -148.719 885.875 0.9736 0.7432 -0.446 0.748 -0.492
-257.459 -151.212 889.859 0.9688 0.729 -0.781 0.415 -0.473
-252.002 -150.062 884.508 0.9697 0.7432 -0.544 0.451 -0.707
-257.459 -151.212 889.859 0.9688 0.729 -0.781 0.415 -0.473
-251.264 -148.719 885.875 0.9736 0.7432 -0.446 0.748 -0.492
-257.459 -151.212 889.859 0.9688 0.729 -0.781 0.415 -0.473
-252.002 -150.062 884.508 0.9697 0.7432 -0.544 0.451 -0.707
-258.583 -196.99 883.848 0.8843 0.7305 -0.806 -0.242 -0.544
-252.002 -150.062 884.508 0.9697 0.7432 -0.544 0.451 -0.707
-251.264 -148.719 885.875 0.9736 0.7432 -0.446 0.748 -0.492
-245.003 -149.317 881.317 0.9707 0.7568 -0.247 0.474 -0.843
-244.682 -148.019 882.873 0.9746 0.7568 -0.21 0.769 -0.6
-245.003 -149.317 881.317 0.9707 0.7568 -0.247 0.474 -0.843
-251.264 -148.719 885.875 0.9736 0.7432 -0.446 0.748 -0.492
-244.682 -148.019 882.873 0.9746 0.7568 -0.21 0.769 -0.6
-237.639 -147.792 882.279 0.9751 0.7705 0.05 0.779 -0.623
-245.003 -149.317 881.317 0.9707 0.7568 -0.247 0.474 -0.843
-253.131 -197.381 878.263 0.8828 0.7441 -0.577 -0.236 -0.786
-258.583 -196.99 883.848 0.8843 0.7305 -0.806 -0.242 -0.544
-252.002 -150.062 884.508 0.9697 0.7432 -0.544 0.451 -0.707
-252.002 -150.062 884.508 0.9697 0.7432 -0.544 0.451 -0.707
-245.003 -149.317 881.317 0.9707 0.7568 -0.247 0.474 -0.843
-253.131 -197.381 878.263 0.8828 0.7441 -0.577 -0.236 -0.786
-258.583 -196.99 883.848 0.8843 0.7305 -0.806 -0.242 -0.544
-252.464 -199.031 879.233 0.8794 0.7441 -0.503 -0.581 -0.641
-257.596 -198.661 884.49 0.8804 0.7305 -0.686 -0.575 -0.445
-252.464 -199.031 879.233 0.8794 0.7441 -0.503 -0.581 -0.641
-258.583 -196.99 883.848 0.8843 0.7305 -0.806 -0.242 -0.544
-253.131 -197.381 878.263 0.8828 0.7441 -0.577 -0.236 -0.786
-237.514 -149.074 880.686 0.9717 0.7705 0.08 0.483 -0.873
-245.003 -149.317 881.317 0.9707 0.7568 -0.247 0.474 -0.843
-237.639 -147.792 882.279 0.9751 0.7705 0.05 0.779 -0.623
-253.131 -197.381 878.263 0.8828 0.7441 -0.577 -0.236 -0.786
-246.121 -197.945 874.881 0.8813 0.7578 -0.277 -0.237 -0.932
-252.464 -199.031 879.233 0.8794 0.7441 -0.503 -0.581 -0.641
-246.121 -197.945 874.881 0.8813 0.7578 -0.277 -0.237 -0.932
-253.131 -197.381 878.263 0.8828 0.7441 -0.577 -0.236 -0.786
-245.003 -149.317 881.317 0.9707 0.7568 -0.247 0.474 -0.843
-245.003 -149.317 881.317 0.9707 0.7568 -0.247 0.474 -0.843
-237.514 -149.074 880.686 0.9717 0.7705 0.08 0.483 -0.873
-246.121 -197.945 874.881 0.8813 0.7578 -0.277 -0.237 -0.932
-245.865 -199.562 876.049 0.8774 0.7578 -0.264 -0.591 -0.76
-252.464 -199.031 879.233 0.8794 0.7441 -0.503 -0.581 -0.641
-246.121 -197.945 874.881 0.8813 0.7578 -0.277 -0.237 -0.932
-237.639 -147.792 882.279 0.9751 0.7705 0.05 0.779 -0.623
-230.429 -148.05 884.142 0.9756 0.7847 0.317 0.77 -0.551
-237.514 -149.074 880.686 0.9717 0.7705 0.08 0.483 -0.873
-245.865 -199.562 876.049 0.8774 0.7578 -0.264 -0.591 -0.76
-246.121 -197.945 874.881 0.8813 0.7578 -0.277 -0.237 -0.932
-238.796 -200.175 875.343 0.8765 0.771 0.009 -0.611 -0.796
-238.61 -198.594 874.131 0.8804 0.7715 0.049 -0.251 -0.964
-238.796 -200.175 875.343 0.8765 0.771 0.009 -0.611 -0.796
-246.121 -197.945 874.881 0.8813 0.7578 -0.277 -0.237 -0.932
-238.61 -198.594 874.131 0.8804 0.7715 0.049 -0.251 -0.964
-246.121 -197.945 874.881 0.8813 0.7578 -0.277 -0.237 -0.932
-237.514 -149.074 880.686 0.9717 0.7705 0.08 0.483 -0.873
-238.796 -200.175 875.343 0.8765 0.771 0.009 -0.611 -0.796
-238.61 -198.594 874.131 0.8804 0.7715 0.049 -0.251 -0.964
-231.548 -200.843 877.166 0.876 0.7852 0.276 -0.628 -0.726
-229.847 -149.346 882.665 0.9717 0.7847 0.403 0.462 -0.789
-237.514 -149.074 880.686 0.9717 0.7705 0.08 0.483 -0.873
-230.429 -148.05 884.142 0.9756 0.7847 0.317 0.77 -0.551
-237.514 -149.074 880.686 0.9717 0.7705 0.08 0.483 -0.873
-229.847 -149.346 882.665 0.9717 0.7847 0.403 0.462 -0.789
-238.61 -198.594 874.131 0.8804 0.7715 0.049 -0.251 -0.964
-230.91 -199.302 876.065 0.8799 0.7852 0.383 -0.272 -0.883
-231.548 -200.843 877.166 0.876 0.7852 0.276 -0.628 -0.726
-238.61 -198.594 874.131 0.8804 0.7715 0.049 -0.251 -0.964
-230.91 -199.302 876.065 0.8799 0.7852 0.383 -0.272 -0.883
-238.61 -198.594 874.131 0.8804 0.7715 0.049 -0.251 -0.964
-229.847 -149.346 882.665 0.9717 0.7847 0.403 0.462 -0.789
-230.91 -199.302 876.065 0.8799 0.7852 0.383 -0.272 -0.883
-224.339 -199.954 880.705 0.8799 0.7993 0.661 -0.304 -0.69
-231.548 -200.843 877.166 0.876 0.7852 0.276 -0.628 -0.726
-230.91 -199.302 876.065 0.8799 0.7852 0.383 -0.272 -0.883
-229.847 -149.346 882.665 0.9717 0.7847 0.403 0.462 -0.789
-224.339 -199.954 880.705 0.8799 0.7993 0.661 -0.304 -0.69
-225.363 -201.459 881.531 0.8765 0.7993 0.503 -0.654 -0.57
-231.548 -200.843 877.166 0.876 0.7852 0.276 -0.628 -0.726
-224.339 -199.954 880.705 0.8799 0.7993 0.661 -0.304 -0.69
-230.429 -148.05 884.142 0.9756 0.7847 0.317 0.77 -0.551
-223.316 -150.155 887.258 0.9717 0.7993 0.674 0.431 -0.599
-229.847 -149.346 882.665 0.9717 0.7847 0.403 0.462 -0.789
-223.316 -150.155 887.258 0.9717 0.7993 0.674 0.431 -0.599
-224.339 -199.954 880.705 0.8799 0.7993 0.661 -0.304 -0.69
-229.847 -149.346 882.665 0.9717 0.7847 0.403 0.462 -0.789
-224.286 -148.812 888.459 0.9756 0.7993 0.531 0.745 -0.403
-223.316 -150.155 887.258 0.9717 0.7993 0.674 0.431 -0.599
-230.429 -148.05 884.142 0.9756 0.7847 0.317 0.77 -0.551
-224.339 -199.954 880.705 0.8799 0.7993 0.661 -0.304 -0.69
-220.041 -200.428 886.785 0.8809 0.8125 0.843 -0.334 -0.423
-225.363 -201.459 881.531 0.8765 0.7993 0.503 -0.654 -0.57
-224.339 -199.954 880.705 0.8799 0.7993 0.661 -0.304 -0.69
-223.316 -150.155 887.258 0.9717 0.7993 0.674 0.431 -0.599
-220.041 -200.428 886.785 0.8809 0.8125 0.843 -0.334 -0.423
-221.317 -201.907 887.254 0.877 0.8125 0.649 -0.669 -0.35
-225.363 -201.459 881.531 0.8765 0.7993 0.503 -0.654 -0.57
-220.041 -200.428 886.785 0.8809 0.8125 0.843 -0.334 -0.423
-220.041 -200.428 886.785 0.8809 0.8125 0.843 -0.334 -0.423
-219.389 -202.189 894.327 0.8784 0.8262 0.716 -0.687 -0.085
-221.317 -201.907 887.254 0.877 0.8125 0.649 -0.669 -0.35
-223.316 -150.155 887.258 0.9717 0.7993 0.674 0.431 -0.599
-224.286 -148.812 888.459 0.9756 0.7993 0.531 0.745 -0.403
-219.057 -151.273 893.222 0.9712 0.8125 0.856 0.393 -0.333
-219.057 -151.273 893.222 0.9712 0.8125 0.856 0.393 -0.333
-220.041 -200.428 886.785 0.8809 0.8125 0.843 -0.334 -0.423
-223.316 -150.155 887.258 0.9717 0.7993 0.674 0.431 -0.599
-220.28 -149.865 894.068 0.9751 0.8125 0.68 0.707 -0.193
-219.057 -151.273 893.222 0.9712 0.8125 0.856 0.393 -0.333
-224.286 -148.812 888.459 0.9756 0.7993 0.531 0.745 -0.403
-220.28 -149.865 894.068 0.9751 0.8125 0.68 0.707 -0.193
-218.39 -151.205 900.96 0.9741 0.8267 0.749 0.659 0.061
-219.057 -151.273 893.222 0.9712 0.8125 0.856 0.393 -0.333
-219.389 -202.189 894.327 0.8784 0.8262 0.716 -0.687 -0.085
-220.041 -200.428 886.785 0.8809 0.8125 0.843 -0.334 -0.423
-217.992 -200.728 894.299 0.8818 0.8262 0.926 -0.368 -0.096
-220.041 -200.428 886.785 0.8809 0.8125 0.843 -0.334 -0.423
-219.057 -151.273 893.222 0.9712 0.8125 0.856 0.393 -0.333
-217.992 -200.728 894.299 0.8818 0.8262 0.926 -0.368 -0.096
-217.992 -200.728 894.299 0.8818 0.8262 0.926 -0.368 -0.096
-219.982 -202.253 901.651 0.8799 0.8398 0.69 -0.703 0.181
-219.389 -202.189 894.327 0.8784 0.8262 0.716 -0.687 -0.085
-217.047 -152.697 900.55 0.9702 0.8262 0.939 0.338 -0.026
-219.057 -151.273 893.222 0.9712 0.8125 0.856 0.393 -0.333
-218.39 -151.205 900.96 0.9741 0.8267 0.749 0.659 0.061
-217.047 -152.697 900.55 0.9702 0.8262 0.939 0.338 -0.026
-217.992 -200.728 894.299 0.8818 0.8262 0.926 -0.368 -0.096
-219.057 -151.273 893.222 0.9712 0.8125 0.856 0.393 -0.333
-218.39 -151.205 900.96 0.9741 0.8267 0.749 0.659 0.061
-219.015 -152.627 908.064 0.9731 0.8403 0.726 0.605 0.316
-217.047 -152.697 900.55 0.9702 0.8262 0.939 0.338 -0.026
-251.275 -150.363 894.096 0.5098 0.9858 -0.827 0.094 -0.559
-250.264 -55.2096 908.493 0.5029 0.811 -0.823 0.094 -0.566
-247.636 -149.616 890.526 0.519 0.9854 -0.576 0.131 -0.803
-217.992 -200.728 894.299 0.8818 0.8262 0.926 -0.368 -0.096
-217.047 -152.697 900.55 0.9702 0.8262 0.939 0.338 -0.026
-218.622 -200.796 902.081 0.8838 0.8394 0.894 -0.39 0.23
-217.712 -154.209 908.104 0.9692 0.8403 0.912 0.284 0.3
-217.047 -152.697 900.55 0.9702 0.8262 0.939 0.338 -0.026
-219.015 -152.627 908.064 0.9731 0.8403 0.726 0.605 0.316
-217.712 -154.209 908.104 0.9692 0.8403 0.912 0.284 0.3
-218.622 -200.796 902.081 0.8838 0.8394 0.894 -0.39 0.23
-217.047 -152.697 900.55 0.9702 0.8262 0.939 0.338 -0.026
-218.622 -200.796 902.081 0.8838 0.8394 0.894 -0.39 0.23
-221.857 -200.624 909.192 0.8853 0.853 0.747 -0.411 0.517
-219.982 -202.253 901.651 0.8799 0.8398 0.69 -0.703 0.181
-218.622 -200.796 902.081 0.8838 0.8394 0.894 -0.39 0.23
-217.712 -154.209 908.104 0.9692 0.8403 0.912 0.284 0.3
-221.857 -200.624 909.192 0.8853 0.853 0.747 -0.411 0.517
-223.027 -202.091 908.346 0.8813 0.8535 0.575 -0.703 0.416
-219.982 -202.253 901.651 0.8799 0.8398 0.69 -0.703 0.181
-221.857 -200.624 909.192 0.8853 0.853 0.747 -0.411 0.517
-219.015 -152.627 908.064 0.9731 0.8403 0.726 0.605 0.316
-220.971 -155.625 914.97 0.9683 0.854 0.768 0.237 0.595
-217.712 -154.209 908.104 0.9692 0.8403 0.912 0.284 0.3
-220.971 -155.625 914.97 0.9683 0.854 0.768 0.237 0.595
-221.857 -200.624 909.192 0.8853 0.853 0.747 -0.411 0.517
-217.712 -154.209 908.104 0.9692 0.8403 0.912 0.284 0.3
-219.015 -152.627 908.064 0.9731 0.8403 0.726 0.605 0.316
-222.081 -153.958 914.521 0.9722 0.8545 0.613 0.556 0.556
-220.971 -155.625 914.97 0.9683 0.854 0.768 0.237 0.595
-221.857 -200.624 909.192 0.8853 0.853 0.747 -0.411 0.517
-227.305 -200.232 914.777 0.8872 0.8667 0.515 -0.416 0.748
-223.027 -202.091 908.346 0.8813 0.8535 0.575 -0.703 0.416
-221.857 -200.624 909.192 0.8853 0.853 0.747 -0.411 0.517
-220.971 -155.625 914.97 0.9683 0.854 0.768 0.237 0.595
-227.305 -200.232 914.777 0.8872 0.8667 0.515 -0.416 0.748
-228.155 -201.722 913.602 0.8833 0.8672 0.389 -0.695 0.601
-223.027 -202.091 908.346 0.8813 0.8535 0.575 -0.703 0.416
-227.305 -200.232 914.777 0.8872 0.8667 0.515 -0.416 0.748
-220.971 -155.625 914.97 0.9683 0.854 0.768 0.237 0.595
-222.081 -153.958 914.521 0.9722 0.8545 0.613 0.556 0.556
-226.432 -156.775 920.321 0.9668 0.8677 0.535 0.202 0.822
-226.432 -156.775 920.321 0.9668 0.8677 0.535 0.202 0.822
-227.305 -200.232 914.777 0.8872 0.8667 0.515 -0.416 0.748
-220.971 -155.625 914.97 0.9683 0.854 0.768 0.237 0.595
-227.216 -155.038 919.554 0.9707 0.8682 0.432 0.516 0.74
-226.432 -156.775 920.321 0.9668 0.8677 0.535 0.202 0.822
-222.081 -153.958 914.521 0.9722 0.8545 0.613 0.556 0.556
-227.305 -200.232 914.777 0.8872 0.8667 0.515 -0.416 0.748
-234.312 -199.669 918.161 0.8882 0.8804 0.218 -0.415 0.887
-228.155 -201.722 913.602 0.8833 0.8672 0.389 -0.695 0.601
-227.305 -200.232 914.777 0.8872 0.8667 0.515 -0.416 0.748
-226.432 -156.775 920.321 0.9668 0.8677 0.535 0.202 0.822
-234.312 -199.669 918.161 0.8882 0.8804 0.218 -0.415 0.887
-234.75 -201.19 916.787 0.8843 0.8809 0.147 -0.685 0.709
-228.155 -201.722 913.602 0.8833 0.8672 0.389 -0.695 0.601
-234.312 -199.669 918.161 0.8882 0.8804 0.218 -0.415 0.887
-234.312 -199.669 918.161 0.8882 0.8804 0.218 -0.415 0.887
-241.718 -200.587 917.487 0.8853 0.894 -0.112 -0.671 0.735
-234.75 -201.19 916.787 0.8843 0.8809 0.147 -0.685 0.709
-226.432 -156.775 920.321 0.9668 0.8677 0.535 0.202 0.822
-227.216 -155.038 919.554 0.9707 0.8682 0.432 0.516 0.74
-233.434 -157.519 923.511 0.9658 0.8813 0.242 0.18 0.952
-233.434 -157.519 923.511 0.9658 0.8813 0.242 0.18 0.952
-234.312 -199.669 918.161 0.8882 0.8804 0.218 -0.415 0.887
-226.432 -156.775 920.321 0.9668 0.8677 0.535 0.202 0.822
-233.802 -155.737 922.554 0.9697 0.8818 0.185 0.495 0.851
-233.434 -157.519 923.511 0.9658 0.8813 0.242 0.18 0.952
-227.216 -155.038 919.554 0.9707 0.8682 0.432 0.516 0.74
-233.802 -155.737 922.554 0.9697 0.8818 0.185 0.495 0.851
-240.746 -155.961 923.136 0.9688 0.8945 -0.074 0.485 0.873
-233.434 -157.519 923.511 0.9658 0.8813 0.242 0.18 0.952
-241.718 -200.587 917.487 0.8853 0.894 -0.112 -0.671 0.735
-234.312 -199.669 918.161 0.8882 0.8804 0.218 -0.415 0.887
-241.714 -199.03 918.903 0.8892 0.8936 -0.1 -0.407 0.905
-234.312 -199.669 918.161 0.8882 0.8804 0.218 -0.415 0.887
-233.434 -157.519 923.511 0.9658 0.8813 0.242 0.18 0.952
-241.714 -199.03 918.903 0.8892 0.8936 -0.1 -0.407 0.905
-241.714 -199.03 918.903 0.8892 0.8936 -0.1 -0.407 0.905
-249.067 -199.909 915.678 0.8857 0.9082 -0.361 -0.647 0.666
-241.718 -200.587 917.487 0.8853 0.894 -0.112 -0.671 0.735
-240.818 -157.759 924.129 0.9648 0.8945 -0.074 0.179 0.979
-233.434 -157.519 923.511 0.9658 0.8813 0.242 0.18 0.952
-240.746 -155.961 923.136 0.9688 0.8945 -0.074 0.485 0.873
-240.818 -157.759 924.129 0.9648 0.8945 -0.074 0.179 0.979
-241.714 -199.03 918.903 0.8892 0.8936 -0.1 -0.407 0.905
-233.434 -157.519 923.511 0.9658 0.8813 0.242 0.18 0.952
-240.746 -155.961 923.136 0.9688 0.8945 -0.074 0.485 0.873
-248.055 -155.706 921.279 0.9683 0.9087 -0.335 0.494 0.806
-240.818 -157.759 924.129 0.9648 0.8945 -0.074 0.179 0.979
-249.067 -199.909 915.678 0.8857 0.9082 -0.361 -0.647 0.666
-241.714 -199.03 918.903 0.8892 0.8936 -0.1 -0.407 0.905
-249.523 -198.312 916.984 0.8896 0.9082 -0.409 -0.38 0.83
-241.714 -199.03 918.903 0.8892 0.8936 -0.1 -0.407 0.905
-240.818 -157.759 924.129 0.9648 0.8945 -0.074 0.179 0.979
-249.523 -198.312 916.984 0.8896 0.9082 -0.409 -0.38 0.83
-248.59 -157.489 922.155 0.9648 0.9087 -0.397 0.191 0.894
-240.818 -157.759 924.129 0.9648 0.8945 -0.074 0.179 0.979
-248.055 -155.706 921.279 0.9683 0.9087 -0.335 0.494 0.806
-248.59 -157.489 922.155 0.9648 0.9087 -0.397 0.191 0.894
-249.523 -198.312 916.984 0.8896 0.9082 -0.409 -0.38 0.83
-240.818 -157.759 924.129 0.9648 0.8945 -0.074 0.179 0.979
-248.59 -157.489 922.155 0.9648 0.9087 -0.397 0.191 0.894
-248.055 -155.706 921.279 0.9683 0.9087 -0.335 0.494 0.806
-255.056 -156.696 917.647 0.9648 0.9229 -0.665 0.222 0.715
-248.59 -157.489 922.155 0.9648 0.9087 -0.397 0.191 0.894
-255.056 -156.696 917.647 0.9648 0.9229 -0.665 0.222 0.715
-249.523 -198.312 916.984 0.8896 0.9082 -0.409 -0.38 0.83
-254.137 -154.958 917.04 0.9683 0.9229 -0.555 0.519 0.654
-255.056 -156.696 917.647 0.9648 0.9229 -0.665 0.222 0.715
-248.055 -155.706 921.279 0.9683 0.9087 -0.335 0.494 0.806
-249.523 -198.312 916.984 0.8896 0.9082 -0.409 -0.38 0.83
-256.034 -197.667 912.434 0.8892 0.9224 -0.68 -0.356 0.639
-249.067 -199.909 915.678 0.8857 0.9082 -0.361 -0.647 0.666
-256.034 -197.667 912.434 0.8892 0.9224 -0.68 -0.356 0.639
-249.523 -198.312 916.984 0.8896 0.9082 -0.409 -0.38 0.83
-255.056 -156.696 917.647 0.9648 0.9229 -0.665 0.222 0.715
-255.197 -199.301 911.397 0.8853 0.9224 -0.585 -0.63 0.52
-249.067 -199.909 915.678 0.8857 0.9082 -0.361 -0.647 0.666
-256.034 -197.667 912.434 0.8892 0.9224 -0.68 -0.356 0.639
-255.056 -156.696 917.647 0.9648 0.9229 -0.665 0.222 0.715
-254.137 -154.958 917.04 0.9683 0.9229 -0.555 0.519 0.654
-259.374 -155.562 911.598 0.9648 0.9365 -0.851 0.266 0.458
-255.056 -156.696 917.647 0.9648 0.9229 -0.665 0.222 0.715
-259.374 -155.562 911.598 0.9648 0.9365 -0.851 0.266 0.458
-256.034 -197.667 912.434 0.8892 0.9224 -0.68 -0.356 0.639
-258.197 -153.89 911.351 0.9688 0.936 -0.705 0.557 0.443
-259.374 -155.562 911.598 0.9648 0.9365 -0.851 0.266 0.458
-254.137 -154.958 917.04 0.9683 0.9229 -0.555 0.519 0.654
-255.197 -199.301 911.397 0.8853 0.9224 -0.585 -0.63 0.52
-256.034 -197.667 912.434 0.8892 0.9224 -0.68 -0.356 0.639
-260.399 -197.185 906.265 0.8882 0.936 -0.859 -0.32 0.384
-260.399 -197.185 906.265 0.8882 0.936 -0.859 -0.32 0.384
-256.034 -197.667 912.434 0.8892 0.9224 -0.68 -0.356 0.639
-259.374 -155.562 911.598 0.9648 0.9365 -0.851 0.266 0.458
-259.305 -198.846 905.591 0.8848 0.9355 -0.735 -0.608 0.308
-255.197 -199.301 911.397 0.8853 0.9224 -0.585 -0.63 0.52
-260.399 -197.185 906.265 0.8882 0.936 -0.859 -0.32 0.384
-259.374 -155.562 911.598 0.9648 0.9365 -0.851 0.266 0.458
-258.197 -153.89 911.351 0.9688 0.936 -0.705 0.557 0.443
-261.381 -154.138 904.272 0.9658 0.9502 -0.941 0.315 0.145
-259.374 -155.562 911.598 0.9648 0.9365 -0.851 0.266 0.458
-261.381 -154.138 904.272 0.9658 0.9502 -0.941 0.315 0.145
-260.399 -197.185 906.265 0.8882 0.936 -0.859 -0.32 0.384
-260.085 -152.55 904.462 0.9692 0.9497 -0.774 0.605 0.189
-261.381 -154.138 904.272 0.9658 0.9502 -0.941 0.315 0.145
-258.197 -153.89 911.351 0.9688 0.936 -0.705 0.557 0.443
-260.085 -152.55 904.462 0.9692 0.9497 -0.774 0.605 0.189
-259.46 -151.129 897.362 0.9702 0.9634 -0.747 0.66 -0.073
-261.381 -154.138 904.272 0.9658 0.9502 -0.941 0.315 0.145
-260.399 -197.185 906.265 0.8882 0.936 -0.859 -0.32 0.384
-262.451 -196.885 898.748 0.8872 0.9497 -0.954 -0.288 0.077
-259.305 -198.846 905.591 0.8848 0.9355 -0.735 -0.608 0.308
-262.451 -196.885 898.748 0.8872 0.9497 -0.954 -0.288 0.077
-260.399 -197.185 906.265 0.8882 0.936 -0.859 -0.32 0.384
-261.381 -154.138 904.272 0.9658 0.9502 -0.941 0.315 0.145
-261.236 -198.563 898.516 0.8833 0.9492 -0.803 -0.592 0.061
-259.305 -198.846 905.591 0.8848 0.9355 -0.735 -0.608 0.308
-262.451 -196.885 898.748 0.8872 0.9497 -0.954 -0.288 0.077
-262.451 -196.885 898.748 0.8872 0.9497 -0.954 -0.288 0.077
-260.643 -198.499 891.187 0.8813 0.9634 -0.788 -0.577 -0.203
-261.236 -198.563 898.516 0.8833 0.9492 -0.803 -0.592 0.061
-260.716 -152.627 896.723 0.9668 0.9639 -0.915 0.369 -0.181
-261.381 -154.138 904.272 0.9658 0.9502 -0.941 0.315 0.145
-259.46 -151.129 897.362 0.9702 0.9634 -0.747 0.66 -0.073
-261.381 -154.138 904.272 0.9658 0.9502 -0.941 0.315 0.145
-260.716 -152.627 896.723 0.9668 0.9639 -0.915 0.369 -0.181
-262.451 -196.885 898.748 0.8872 0.9497 -0.954 -0.288 0.077
-259.46 -151.129 897.362 0.9702 0.9634 -0.747 0.66 -0.073
-256.397 -149.798 890.907 0.9717 0.9771 -0.637 0.708 -0.306
-260.716 -152.627 896.723 0.9668 0.9639 -0.915 0.369 -0.181
-257.459 -151.212 889.859 0.9678 0.978 -0.781 0.415 -0.473
-260.716 -152.627 896.723 0.9668 0.9639 -0.915 0.369 -0.181
-256.397 -149.798 890.907 0.9717 0.9771 -0.637 0.708 -0.306
-260.643 -198.499 891.187 0.8813 0.9634 -0.788 -0.577 -0.203
-262.451 -196.885 898.748 0.8872 0.9497 -0.954 -0.288 0.077
-261.82 -196.818 890.963 0.8853 0.9634 -0.932 -0.266 -0.246
-261.82 -196.818 890.963 0.8853 0.9634 -0.932 -0.266 -0.246
-262.451 -196.885 898.748 0.8872 0.9497 -0.954 -0.288 0.077
-260.716 -152.627 896.723 0.9668 0.9639 -0.915 0.369 -0.181
-260.716 -152.627 896.723 0.9668 0.9639 -0.915 0.369 -0.181
-257.459 -151.212 889.859 0.9678 0.978 -0.781 0.415 -0.473
-261.82 -196.818 890.963 0.8853 0.9634 -0.932 -0.266 -0.246
-261.82 -196.818 890.963 0.8853 0.9634 -0.932 -0.266 -0.246
-257.596 -198.661 884.49 0.8794 0.9766 -0.686 -0.575 -0.445
-260.643 -198.499 891.187 0.8813 0.9634 -0.788 -0.577 -0.203
-258.583 -196.99 883.848 0.8833 0.9775 -0.806 -0.242 -0.544
-261.82 -196.818 890.963 0.8853 0.9634 -0.932 -0.266 -0.246
-257.459 -151.212 889.859 0.9678 0.978 -0.781 0.415 -0.473
-257.596 -198.661 884.49 0.8794 0.9766 -0.686 -0.575 -0.445
-261.82 -196.818 890.963 0.8853 0.9634 -0.932 -0.266 -0.246
-258.583 -196.99 883.848 0.8833 0.9775 -0.806 -0.242 -0.544
-246.683 -200.586 910.307 0.7578 0.2212 -0.126 -0.987 0.065
-241.456 -201.037 911.609 0.748 0.2229 -0.092 -0.997 0.065
-249.067 -199.909 915.678 0.7578 0.2104 -0.126 -0.987 0.065
-246.683 -200.586 910.307 0.7578 0.2212 -0.126 -0.987 0.065
-249.067 -199.909 915.678 0.7578 0.2104 -0.126 -0.987 0.065
-251.048 -200.124 907.268 0.7676 0.223 -0.15 -0.984 0.042
-241.456 -201.037 911.609 0.748 0.2229 -0.092 -0.997 0.065
-241.718 -200.587 917.487 0.7446 0.2128 -0.092 -0.997 0.065
-249.067 -199.909 915.678 0.7578 0.2104 -0.126 -0.987 0.065
-255.197 -199.301 911.397 0.7715 0.213 -0.15 -0.984 0.042
-251.048 -200.124 907.268 0.7676 0.223 -0.15 -0.984 0.042
-249.067 -199.909 915.678 0.7578 0.2104 -0.126 -0.987 0.065
-241.718 -200.587 917.487 0.7446 0.2128 -0.092 -0.997 0.065
-241.456 -201.037 911.609 0.748 0.2229 -0.092 -0.997 0.065
-236.496 -201.392 911.128 0.7402 0.2273 -0.066 -0.996 0.053
-251.048 -200.124 907.268 0.7676 0.223 -0.15 -0.984 0.042
-255.197 -199.301 911.397 0.7715 0.213 -0.15 -0.984 0.042
-253.971 -199.724 903.148 0.7754 0.2277 -0.159 -0.988 0.009
-241.718 -200.587 917.487 0.7446 0.2128 -0.092 -0.997 0.065
-236.496 -201.392 911.128 0.7402 0.2273 -0.066 -0.996 0.053
-234.75 -201.19 916.787 0.7334 0.2191 -0.066 -0.996 0.053
-253.971 -199.724 903.148 0.7754 0.2277 -0.159 -0.988 0.009
-255.197 -199.301 911.397 0.7715 0.213 -0.15 -0.984 0.042
-259.305 -198.846 905.591 0.7827 0.2196 -0.159 -0.988 0.009
-234.75 -201.19 916.787 0.7334 0.2191 -0.066 -0.996 0.053
-236.496 -201.392 911.128 0.7402 0.2273 -0.066 -0.996 0.053
-231.801 -201.65 908.885 0.7339 0.2345 -0.051 -1.001 0.025
-253.971 -199.724 903.148 0.7754 0.2277 -0.159 -0.988 0.009
-259.305 -198.846 905.591 0.7827 0.2196 -0.159 -0.988 0.009
-255.346 -199.403 898.133 0.7817 0.235 -0.143 -0.993 -0.019
-228.155 -201.722 913.602 0.7246 0.2292 -0.051 -1.001 0.025
-234.75 -201.19 916.787 0.7334 0.2191 -0.066 -0.996 0.053
-231.801 -201.65 908.885 0.7339 0.2345 -0.051 -1.001 0.025
-261.236 -198.563 898.516 0.791 0.2299 -0.143 -0.993 -0.019
-255.346 -199.403 898.133 0.7817 0.235 -0.143 -0.993 -0.019
-259.305 -198.846 905.591 0.7827 0.2196 -0.159 -0.988 0.009
-228.15 -201.765 905.171 0.7305 0.2433 -0.059 -0.997 -0.007
-228.155 -201.722 913.602 0.7246 0.2292 -0.051 -1.001 0.025
-231.801 -201.65 908.885 0.7339 0.2345 -0.051 -1.001 0.025
-255.346 -199.403 898.133 0.7817 0.235 -0.143 -0.993 -0.019
-261.236 -198.563 898.516 0.791 0.2299 -0.143 -0.993 -0.019
-254.924 -199.211 892.945 0.7847 0.2439 -0.118 -0.992 -0.031
-223.027 -202.091 908.346 0.7197 0.2418 -0.059 -0.997 -0.007
-228.155 -201.722 913.602 0.7246 0.2292 -0.051 -1.001 0.025
-228.15 -201.765 905.171 0.7305 0.2433 -0.059 -0.997 -0.007
-260.643 -198.499 891.187 0.7954 0.2426 -0.111 -0.993 -0.028
-254.924 -199.211 892.945 0.7847 0.2439 -0.118 -0.992 -0.031
-261.236 -198.563 898.516 0.791 0.2299 -0.143 -0.993 -0.019
-228.15 -201.765 905.171 0.7305 0.2433 -0.059 -0.997 -0.007
-225.983 -201.724 900.434 0.7305 0.2527 -0.087 -0.994 -0.023
-223.027 -202.091 908.346 0.7197 0.2418 -0.059 -0.997 -0.007
-254.924 -199.211 892.945 0.7847 0.2439 -0.118 -0.992 -0.031
-260.643 -198.499 891.187 0.7954 0.2426 -0.111 -0.993 -0.028
-252.757 -199.169 888.208 0.7847 0.2532 -0.087 -0.994 -0.023
-219.982 -202.253 901.651 0.7197 0.2551 -0.087 -0.994 -0.023
-223.027 -202.091 908.346 0.7197 0.2418 -0.059 -0.997 -0.007
-225.983 -201.724 900.434 0.7305 0.2527 -0.087 -0.994 -0.023
-257.596 -198.661 884.49 0.7954 0.2559 -0.087 -0.994 -0.023
-252.757 -199.169 888.208 0.7847 0.2532 -0.087 -0.994 -0.023
-260.643 -198.499 891.187 0.7954 0.2426 -0.111 -0.993 -0.028
-225.983 -201.724 900.434 0.7305 0.2527 -0.087 -0.994 -0.023
-225.561 -201.531 895.245 0.7339 0.2617 -0.104 -0.994 -0.024
-219.982 -202.253 901.651 0.7197 0.2551 -0.087 -0.994 -0.023
-252.757 -199.169 888.208 0.7847 0.2532 -0.087 -0.994 -0.023
-257.596 -198.661 884.49 0.7954 0.2559 -0.087 -0.994 -0.023
-249.106 -199.285 884.494 0.7813 0.2622 -0.07 -0.997 -0.004
-225.561 -201.531 895.245 0.7339 0.2617 -0.104 -0.994 -0.024
-219.389 -202.189 894.327 0.7241 0.2678 -0.104 -0.994 -0.024
-219.982 -202.253 901.651 0.7197 0.2551 -0.087 -0.994 -0.023
-252.464 -199.031 879.233 0.7905 0.2686 -0.07 -0.997 -0.004
-249.106 -199.285 884.494 0.7813 0.2622 -0.07 -0.997 -0.004
-257.596 -198.661 884.49 0.7954 0.2559 -0.087 -0.994 -0.023
-225.561 -201.531 895.245 0.7339 0.2617 -0.104 -0.994 -0.024
-226.936 -201.21 890.231 0.7397 0.269 -0.123 -0.995 -0.007
-219.389 -202.189 894.327 0.7241 0.2678 -0.104 -0.994 -0.024
-249.106 -199.285 884.494 0.7813 0.2622 -0.07 -0.997 -0.004
-252.464 -199.031 879.233 0.7905 0.2686 -0.07 -0.997 -0.004
-244.411 -199.543 882.251 0.7749 0.2693 -0.075 -1 0.02
-226.936 -201.21 890.231 0.7397 0.269 -0.123 -0.995 -0.007
-221.317 -201.907 887.254 0.7324 0.2781 -0.123 -0.995 -0.007
-219.389 -202.189 894.327 0.7241 0.2678 -0.104 -0.994 -0.024
-245.865 -199.562 876.049 0.7822 0.2786 -0.075 -1 0.02
-244.411 -199.543 882.251 0.7749 0.2693 -0.075 -1 0.02
-252.464 -199.031 879.233 0.7905 0.2686 -0.07 -0.997 -0.004
-221.317 -201.907 887.254 0.7324 0.2781 -0.123 -0.995 -0.007
-226.936 -201.21 890.231 0.7397 0.269 -0.123 -0.995 -0.007
-229.817 -200.816 886.169 0.7476 0.2737 -0.128 -0.99 0.018
-244.411 -199.543 882.251 0.7749 0.2693 -0.075 -1 0.02
-245.865 -199.562 876.049 0.7822 0.2786 -0.075 -1 0.02
-239.38 -199.902 881.763 0.7671 0.2739 -0.09 -0.993 0.031
-221.317 -201.907 887.254 0.7324 0.2781 -0.123 -0.995 -0.007
-229.817 -200.816 886.169 0.7476 0.2737 -0.128 -0.99 0.018
-225.363 -201.459 881.531 0.7437 0.2847 -0.128 -0.99 0.018
-239.38 -199.902 881.763 0.7671 0.2739 -0.09 -0.993 0.031
-245.865 -199.562 876.049 0.7822 0.2786 -0.075 -1 0.02
-238.796 -200.175 875.343 0.7705 0.2849 -0.09 -0.993 0.031
-225.363 -201.459 881.531 0.7437 0.2847 -0.128 -0.99 0.018
-229.817 -200.816 886.169 0.7476 0.2737 -0.128 -0.99 0.018
-234.224 -200.349 883.072 0.7573 0.2754 -0.107 -0.992 0.03
-239.38 -199.902 881.763 0.7671 0.2739 -0.09 -0.993 0.031
-238.796 -200.175 875.343 0.7705 0.2849 -0.09 -0.993 0.031
-234.224 -200.349 883.072 0.7573 0.2754 -0.107 -0.992 0.03
-231.548 -200.843 877.166 0.7573 0.2874 -0.107 -0.992 0.03
-225.363 -201.459 881.531 0.7437 0.2847 -0.128 -0.99 0.018
-234.224 -200.349 883.072 0.7573 0.2754 -0.107 -0.992 0.03
-231.548 -200.843 877.166 0.7573 0.2874 -0.107 -0.992 0.03
-234.224 -200.349 883.072 0.7573 0.2754 -0.107 -0.992 0.03
-238.796 -200.175 875.343 0.7705 0.2849 -0.09 -0.993 0.031
-230.429 -148.05 884.142 0.8462 0.2153 -0.019 0.976 0.206
-232.87 -149.201 889.296 0.8447 0.2258 -0.019 0.976 0.206
-228.514 -149.752 892.348 0.835 0.2262 -0.03 0.976 0.209
-232.87 -149.201 889.296 0.8447 0.2258 -0.019 0.976 0.206
-230.429 -148.05 884.142 0.8462 0.2153 -0.019 0.976 0.206
-237.977 -149 887.972 0.854 0.2289 -0.019 0.976 0.206
-230.429 -148.05 884.142 0.8462 0.2153 -0.019 0.976 0.206
-228.514 -149.752 892.348 0.835 0.2262 -0.03 0.976 0.209
-224.286 -148.812 888.459 0.8325 0.2158 -0.03 0.976 0.209
-237.639 -147.792 882.279 0.8589 0.2196 -0.019 0.976 0.206
-237.977 -149 887.972 0.854 0.2289 -0.019 0.976 0.206
-230.429 -148.05 884.142 0.8462 0.2153 -0.019 0.976 0.206
-224.286 -148.812 888.459 0.8325 0.2158 -0.03 0.976 0.209
-228.514 -149.752 892.348 0.835 0.2262 -0.03 0.976 0.209
-225.676 -150.503 896.322 0.8267 0.2295 -0.033 0.977 0.198
-237.977 -149 887.972 0.854 0.2289 -0.019 0.976 0.206
-237.639 -147.792 882.279 0.8589 0.2196 -0.019 0.976 0.206
-242.969 -149.141 888.395 0.8608 0.2345 -0.008 0.976 0.203
-220.28 -149.865 894.068 0.8208 0.2206 -0.033 0.977 0.198
-224.286 -148.812 888.459 0.8325 0.2158 -0.03 0.976 0.209
-225.676 -150.503 896.322 0.8267 0.2295 -0.033 0.977 0.198
-242.969 -149.141 888.395 0.8608 0.2345 -0.008 0.976 0.203
-237.639 -147.792 882.279 0.8589 0.2196 -0.019 0.976 0.206
-244.682 -148.019 882.873 0.8691 0.2277 -0.008 0.976 0.203
-224.337 -151.451 901.206 0.8198 0.2357 -0.033 0.977 0.198
-220.28 -149.865 894.068 0.8208 0.2206 -0.033 0.977 0.198
-225.676 -150.503 896.322 0.8267 0.2295 -0.033 0.977 0.198
-242.969 -149.141 888.395 0.8608 0.2345 -0.008 0.976 0.203
-244.682 -148.019 882.873 0.8691 0.2277 -0.008 0.976 0.203
-247.636 -149.616 890.526 0.8657 0.2426 -0.015 0.976 0.199
-218.39 -151.205 900.96 0.811 0.2294 -0.033 0.977 0.198
-220.28 -149.865 894.068 0.8208 0.2206 -0.033 0.977 0.198
-224.337 -151.451 901.206 0.8198 0.2357 -0.033 0.977 0.198
-251.264 -148.719 885.875 0.876 0.239 -0.015 0.976 0.199
-247.636 -149.616 890.526 0.8657 0.2426 -0.015 0.976 0.199
-244.682 -148.019 882.873 0.8691 0.2277 -0.008 0.976 0.203
-224.337 -151.451 901.206 0.8198 0.2357 -0.033 0.977 0.198
-224.78 -152.449 906.242 0.8149 0.244 -0.029 0.978 0.192
-218.39 -151.205 900.96 0.811 0.2294 -0.033 0.977 0.198
-247.636 -149.616 890.526 0.8657 0.2426 -0.015 0.976 0.199
-251.264 -148.719 885.875 0.876 0.239 -0.015 0.976 0.199
-251.275 -150.363 894.096 0.8677 0.2517 -0.011 0.977 0.193
-219.015 -152.627 908.064 0.8047 0.2411 -0.029 0.978 0.192
-218.39 -151.205 900.96 0.811 0.2294 -0.033 0.977 0.198
-224.78 -152.449 906.242 0.8149 0.244 -0.029 0.978 0.192
-256.397 -149.798 890.907 0.8789 0.252 -0.011 0.977 0.193
-251.275 -150.363 894.096 0.8677 0.2517 -0.011 0.977 0.193
-251.264 -148.719 885.875 0.876 0.239 -0.015 0.976 0.199
-224.78 -152.449 906.242 0.8149 0.244 -0.029 0.978 0.192
-226.952 -153.378 910.82 0.814 0.2532 -0.025 0.978 0.185
-219.015 -152.627 908.064 0.8047 0.2411 -0.029 0.978 0.192
-251.275 -150.363 894.096 0.8677 0.2517 -0.011 0.977 0.193
-256.397 -149.798 890.907 0.8789 0.252 -0.011 0.977 0.193
-253.447 -151.292 898.675 0.8662 0.261 -0.011 0.977 0.193
-222.081 -153.958 914.521 0.8027 0.2542 -0.025 0.978 0.185
-219.015 -152.627 908.064 0.8047 0.2411 -0.029 0.978 0.192
-226.952 -153.378 910.82 0.814 0.2532 -0.025 0.978 0.185
-259.46 -151.129 897.362 0.877 0.2649 -0.011 0.977 0.193
-253.447 -151.292 898.675 0.8662 0.261 -0.011 0.977 0.193
-256.397 -149.798 890.907 0.8789 0.252 -0.011 0.977 0.193
-226.952 -153.378 910.82 0.814 0.2532 -0.025 0.978 0.185
-230.591 -154.124 914.391 0.8159 0.2625 -0.018 0.986 0.19
-222.081 -153.958 914.521 0.8027 0.2542 -0.025 0.978 0.185
-253.447 -151.292 898.675 0.8662 0.261 -0.011 0.977 0.193
-259.46 -151.129 897.362 0.877 0.2649 -0.011 0.977 0.193
-253.89 -152.29 903.711 0.8618 0.2693 -0.022 0.977 0.195
-230.591 -154.124 914.391 0.8159 0.2625 -0.018 0.986 0.19
-227.216 -155.038 919.554 0.8052 0.2671 -0.018 0.986 0.19
-222.081 -153.958 914.521 0.8027 0.2542 -0.025 0.978 0.185
-260.085 -152.55 904.462 0.8706 0.2766 -0.022 0.977 0.195
-253.89 -152.29 903.711 0.8618 0.2693 -0.022 0.977 0.195
-259.46 -151.129 897.362 0.877 0.2649 -0.011 0.977 0.193
-227.216 -155.038 919.554 0.8052 0.2671 -0.018 0.986 0.19
-230.591 -154.124 914.391 0.8159 0.2625 -0.018 0.986 0.19
-235.258 -154.599 916.522 0.8208 0.2705 -0.018 0.986 0.19
-253.89 -152.29 903.711 0.8618 0.2693 -0.022 0.977 0.195
-260.085 -152.55 904.462 0.8706 0.2766 -0.022 0.977 0.195
-252.551 -153.238 908.595 0.855 0.2756 -0.015 0.976 0.199
-227.216 -155.038 919.554 0.8052 0.2671 -0.018 0.986 0.19
-235.258 -154.599 916.522 0.8208 0.2705 -0.018 0.986 0.19
-233.802 -155.737 922.554 0.812 0.2783 -0.018 0.986 0.19
-258.197 -153.89 911.351 0.8608 0.2854 -0.015 0.976 0.199
-252.551 -153.238 908.595 0.855 0.2756 -0.015 0.976 0.199
-260.085 -152.55 904.462 0.8706 0.2766 -0.022 0.977 0.195
-233.802 -155.737 922.554 0.812 0.2783 -0.018 0.986 0.19
-235.258 -154.599 916.522 0.8208 0.2705 -0.018 0.986 0.19
-240.179 -154.739 916.939 0.8276 0.2761 -0.011 0.985 0.193
-252.551 -153.238 908.595 0.855 0.2756 -0.015 0.976 0.199
-258.197 -153.89 911.351 0.8608 0.2854 -0.015 0.976 0.199
-249.672 -153.999 912.626 0.8467 0.2788 -0.015 0.976 0.199
-240.746 -155.961 923.136 0.8223 0.2864 -0.011 0.985 0.193
-233.802 -155.737 922.554 0.812 0.2783 -0.018 0.986 0.19
-240.179 -154.739 916.939 0.8276 0.2761 -0.011 0.985 0.193
-249.672 -153.999 912.626 0.8467 0.2788 -0.015 0.976 0.199
-258.197 -153.89 911.351 0.8608 0.2854 -0.015 0.976 0.199
-254.137 -154.958 917.04 0.8486 0.2903 -0.015 0.976 0.199
-245.357 -154.54 915.62 0.8369 0.2793 -0.011 0.977 0.193
-240.746 -155.961 923.136 0.8223 0.2864 -0.011 0.985 0.193
-240.179 -154.739 916.939 0.8276 0.2761 -0.011 0.985 0.193
-249.672 -153.999 912.626 0.8467 0.2788 -0.015 0.976 0.199
-254.137 -154.958 917.04 0.8486 0.2903 -0.015 0.976 0.199
-245.357 -154.54 915.62 0.8369 0.2793 -0.011 0.977 0.193
-248.055 -155.706 921.279 0.8354 0.2908 -0.011 0.977 0.193
-240.746 -155.961 923.136 0.8223 0.2864 -0.011 0.985 0.193
-245.357 -154.54 915.62 0.8369 0.2793 -0.011 0.977 0.193
-248.055 -155.706 921.279 0.8354 0.2908 -0.011 0.977 0.193
-245.357 -154.54 915.62 0.8369 0.2793 -0.011 0.977 0.193
-254.137 -154.958 917.04 0.8486 0.2903 -0.015 0.976 0.199
-234.563 272.156 935.701 0.9141 0.4712 -0.16 0.797 -0.587
-240.413 272.173 938.45 0.9023 0.4683 -0.344 0.793 -0.502
-233.996 273.832 937.849 0.9141 0.4661 -0.094 0.933 -0.343
-233.996 273.832 937.849 0.9141 0.4661 -0.094 0.933 -0.343
-228.301 272.176 935.123 0.9258 0.4692 0.216 0.798 -0.561
-234.563 272.156 935.701 0.9141 0.4712 -0.16 0.797 -0.587
-239.277 273.841 940.329 0.9038 0.4636 -0.202 0.931 -0.296
-233.996 273.832 937.849 0.9141 0.4661 -0.094 0.933 -0.343
-240.413 272.173 938.45 0.9023 0.4683 -0.344 0.793 -0.502
-240.413 272.173 938.45 0.9023 0.4683 -0.344 0.793 -0.502
-244.972 272.226 943.021 0.8921 0.4617 -0.497 0.789 -0.362
-239.277 273.841 940.329 0.9038 0.4636 -0.202 0.931 -0.296
-228.345 273.858 937.327 0.9243 0.4648 0.241 0.936 -0.259
-228.301 272.176 935.123 0.9258 0.4692 0.216 0.798 -0.561
-233.996 273.832 937.849 0.9141 0.4661 -0.094 0.933 -0.343
-228.301 272.176 935.123 0.9258 0.4692 0.216 0.798 -0.561
-228.345 273.858 937.327 0.9243 0.4648 0.241 0.936 -0.259
-222.027 269.508 936.514 0.938 0.4639 0.286 0.772 -0.56
-243.392 273.883 944.455 0.895 0.4578 -0.295 0.932 -0.213
-239.277 273.841 940.329 0.9038 0.4636 -0.202 0.931 -0.296
-244.972 272.226 943.021 0.8921 0.4617 -0.497 0.789 -0.362
-243.392 273.883 944.455 0.895 0.4578 -0.295 0.932 -0.213
-244.972 272.226 943.021 0.8921 0.4617 -0.497 0.789 -0.362
-247.689 272.306 948.865 0.8848 0.4521 -0.61 0.772 -0.183
-222.648 270.961 938.492 0.9351 0.4602 0.189 0.91 -0.365
-222.027 269.508 936.514 0.938 0.4639 0.286 0.772 -0.56
-228.345 273.858 937.327 0.9243 0.4648 0.241 0.936 -0.259
-222.648 270.961 938.492 0.9351 0.4602 0.189 0.91 -0.365
-216.438 271.884 940.565 0.9463 0.4541 0.286 0.793 -0.54
-222.027 269.508 936.514 0.938 0.4639 0.286 0.772 -0.56
-247.689 272.306 948.865 0.8848 0.4521 -0.61 0.772 -0.183
-245.844 273.955 949.729 0.8887 0.4492 -0.357 0.928 -0.103
-243.392 273.883 944.455 0.895 0.4578 -0.295 0.932 -0.213
-245.844 273.955 949.729 0.8887 0.4492 -0.357 0.928 -0.103
-247.689 272.306 948.865 0.8848 0.4521 -0.61 0.772 -0.183
-248.237 272.406 955.275 0.8813 0.4407 -0.654 0.755 0.036
-245.844 273.955 949.729 0.8887 0.4492 -0.357 0.928 -0.103
-246.339 274.047 955.513 0.8857 0.4392 -0.386 0.922 0.026
-243.392 273.883 944.455 0.895 0.4578 -0.295 0.932 -0.213
-248.237 272.406 955.275 0.8813 0.4407 -0.654 0.755 0.036
-246.339 274.047 955.513 0.8857 0.4392 -0.386 0.922 0.026
-245.844 273.955 949.729 0.8887 0.4492 -0.357 0.928 -0.103
-239.277 273.841 940.329 0.9038 0.4636 -0.202 0.931 -0.296
-243.392 273.883 944.455 0.895 0.4578 -0.295 0.932 -0.213
-246.339 274.047 955.513 0.8857 0.4392 -0.386 0.922 0.026
-246.339 274.047 955.513 0.8857 0.4392 -0.386 0.922 0.026
-248.237 272.406 955.275 0.8813 0.4407 -0.654 0.755 0.036
-246.549 272.513 961.479 0.8818 0.4285 -0.632 0.727 0.265
-246.339 274.047 955.513 0.8857 0.4392 -0.386 0.922 0.026
-244.816 274.148 961.112 0.8862 0.4287 -0.365 0.913 0.164
-239.277 273.841 940.329 0.9038 0.4636 -0.202 0.931 -0.296
-244.816 274.148 961.112 0.8862 0.4287 -0.365 0.913 0.164
-246.339 274.047 955.513 0.8857 0.4392 -0.386 0.922 0.026
-246.549 272.513 961.479 0.8818 0.4285 -0.632 0.727 0.265
-233.996 273.832 937.849 0.9141 0.4661 -0.094 0.933 -0.343
-239.277 273.841 940.329 0.9038 0.4636 -0.202 0.931 -0.296
-244.816 274.148 961.112 0.8862 0.4287 -0.365 0.913 0.164
-244.816 274.148 961.112 0.8862 0.4287 -0.365 0.913 0.164
-246.549 272.513 961.479 0.8818 0.4285 -0.632 0.727 0.265
-242.931 272.617 966.586 0.8867 0.4175 -0.388 0.685 0.612
-244.816 274.148 961.112 0.8862 0.4287 -0.365 0.913 0.164
-241.55 274.249 965.721 0.8901 0.4197 -0.09 0.905 0.414
-233.996 273.832 937.849 0.9141 0.4661 -0.094 0.933 -0.343
-241.55 274.249 965.721 0.8901 0.4197 -0.09 0.905 0.414
-244.816 274.148 961.112 0.8862 0.4287 -0.365 0.913 0.164
-242.931 272.617 966.586 0.8867 0.4175 -0.388 0.685 0.612
-228.345 273.858 937.327 0.9243 0.4648 0.241 0.936 -0.259
-233.996 273.832 937.849 0.9141 0.4661 -0.094 0.933 -0.343
-241.55 274.249 965.721 0.8901 0.4197 -0.09 0.905 0.414
-242.931 272.617 966.586 0.8867 0.4175 -0.388 0.685 0.612
-237.615 269.767 970.018 0.8955 0.4082 -0.296 0.63 0.714
-241.55 274.249 965.721 0.8901 0.4197 -0.09 0.905 0.414
-241.55 274.249 965.721 0.8901 0.4197 -0.09 0.905 0.414
-236.753 271.38 968.82 0.8984 0.4111 -0.19 0.862 0.471
-228.345 273.858 937.327 0.9243 0.4648 0.241 0.936 -0.259
-236.753 271.38 968.82 0.8984 0.4111 -0.19 0.862 0.471
-241.55 274.249 965.721 0.8901 0.4197 -0.09 0.905 0.414
-237.615 269.767 970.018 0.8955 0.4082 -0.296 0.63 0.714
-222.648 270.961 938.492 0.9351 0.4602 0.189 0.91 -0.365
-228.345 273.858 937.327 0.9243 0.4648 0.241 0.936 -0.259
-236.753 271.38 968.82 0.8984 0.4111 -0.19 0.862 0.471
-237.615 269.767 970.018 0.8955 0.4082 -0.296 0.63 0.714
-231.03 272.324 971.947 0.9072 0.4023 -0.228 0.668 0.712
-236.753 271.38 968.82 0.8984 0.4111 -0.19 0.862 0.471
-231.03 272.324 971.947 0.9072 0.4023 -0.228 0.668 0.712
-230.809 273.958 970.559 0.9092 0.4055 -0.218 0.907 0.368
-236.753 271.38 968.82 0.8984 0.4111 -0.19 0.862 0.471
-236.753 271.38 968.82 0.8984 0.4111 -0.19 0.862 0.471
-230.809 273.958 970.559 0.9092 0.4055 -0.218 0.907 0.368
-222.648 270.961 938.492 0.9351 0.4602 0.189 0.91 -0.365
-230.809 273.958 970.559 0.9092 0.4055 -0.218 0.907 0.368
-231.03 272.324 971.947 0.9072 0.4023 -0.228 0.668 0.712
-224.858 272.338 971.377 0.9189 0.4004 0.2 0.643 0.737
-217.638 273.567 942.238 0.9434 0.4507 0.086 0.934 -0.34
-222.648 270.961 938.492 0.9351 0.4602 0.189 0.91 -0.365
-230.809 273.958 970.559 0.9092 0.4055 -0.218 0.907 0.368
-216.438 271.884 940.565 0.9463 0.4541 0.286 0.793 -0.54
-222.648 270.961 938.492 0.9351 0.4602 0.189 0.91 -0.365
-217.638 273.567 942.238 0.9434 0.4507 0.086 0.934 -0.34
-216.438 271.884 940.565 0.9463 0.4541 0.286 0.793 -0.54
-217.638 273.567 942.238 0.9434 0.4507 0.086 0.934 -0.34
-212.871 271.981 945.599 0.9517 0.4434 0.582 0.755 -0.3
-224.858 272.338 971.377 0.9189 0.4004 0.2 0.643 0.737
-225.239 273.978 970.044 0.9189 0.4043 0.117 0.897 0.432
-230.809 273.958 970.559 0.9092 0.4055 -0.218 0.907 0.368
-230.809 273.958 970.559 0.9092 0.4055 -0.218 0.907 0.368
-225.239 273.978 970.044 0.9189 0.4043 0.117 0.897 0.432
-217.638 273.567 942.238 0.9434 0.4507 0.086 0.934 -0.34
-214.419 273.662 946.781 0.9473 0.4417 0.345 0.922 -0.173
-212.871 271.981 945.599 0.9517 0.4434 0.582 0.755 -0.3
-217.638 273.567 942.238 0.9434 0.4507 0.086 0.934 -0.34
-214.419 273.662 946.781 0.9473 0.4417 0.345 0.922 -0.173
-217.638 273.567 942.238 0.9434 0.4507 0.086 0.934 -0.34
-225.239 273.978 970.044 0.9189 0.4043 0.117 0.897 0.432
-212.871 271.981 945.599 0.9517 0.4434 0.582 0.755 -0.3
-214.419 273.662 946.781 0.9473 0.4417 0.345 0.922 -0.173
-211.183 272.088 951.803 0.9521 0.4314 0.686 0.726 -0.087
-225.239 273.978 970.044 0.9189 0.4043 0.117 0.897 0.432
-224.858 272.338 971.377 0.9189 0.4004 0.2 0.643 0.737
-219.958 273.969 967.563 0.9292 0.4067 0.255 0.892 0.365
-225.239 273.978 970.044 0.9189 0.4043 0.117 0.897 0.432
-219.958 273.969 967.563 0.9292 0.4067 0.255 0.892 0.365
-214.419 273.662 946.781 0.9473 0.4417 0.345 0.922 -0.173
-219.958 273.969 967.563 0.9292 0.4067 0.255 0.892 0.365
-224.858 272.338 971.377 0.9189 0.4004 0.2 0.643 0.737
-219.007 272.321 968.628 0.9312 0.4033 0.444 0.65 0.614
-212.896 273.763 952.379 0.9478 0.4312 0.405 0.912 -0.039
-211.183 272.088 951.803 0.9521 0.4314 0.686 0.726 -0.087
-214.419 273.662 946.781 0.9473 0.4417 0.345 0.922 -0.173
-212.896 273.763 952.379 0.9478 0.4312 0.405 0.912 -0.039
-214.419 273.662 946.781 0.9473 0.4417 0.345 0.922 -0.173
-219.958 273.969 967.563 0.9292 0.4067 0.255 0.892 0.365
-212.896 273.763 952.379 0.9478 0.4312 0.405 0.912 -0.039
-211.731 272.188 958.213 0.9482 0.4197 0.696 0.696 0.162
-211.183 272.088 951.803 0.9521 0.4314 0.686 0.726 -0.087
-219.007 272.321 968.628 0.9312 0.4033 0.444 0.65 0.614
-215.843 273.927 963.437 0.938 0.4126 0.357 0.903 0.251
-219.958 273.969 967.563 0.9292 0.4067 0.255 0.892 0.365
-219.958 273.969 967.563 0.9292 0.4067 0.255 0.892 0.365
-215.843 273.927 963.437 0.938 0.4126 0.357 0.903 0.251
-212.896 273.763 952.379 0.9478 0.4312 0.405 0.912 -0.039
-215.843 273.927 963.437 0.938 0.4126 0.357 0.903 0.251
-219.007 272.321 968.628 0.9312 0.4033 0.444 0.65 0.614
-214.448 272.269 964.057 0.9409 0.4102 0.618 0.669 0.406
-213.391 273.855 958.164 0.9443 0.4211 0.404 0.911 0.106
-211.731 272.188 958.213 0.9482 0.4197 0.696 0.696 0.162
-212.896 273.763 952.379 0.9478 0.4312 0.405 0.912 -0.039
-213.391 273.855 958.164 0.9443 0.4211 0.404 0.911 0.106
-214.448 272.269 964.057 0.9409 0.4102 0.618 0.669 0.406
-211.731 272.188 958.213 0.9482 0.4197 0.696 0.696 0.162
-213.391 273.855 958.164 0.9443 0.4211 0.404 0.911 0.106
-212.896 273.763 952.379 0.9478 0.4312 0.405 0.912 -0.039
-215.843 273.927 963.437 0.938 0.4126 0.357 0.903 0.251
-213.391 273.855 958.164 0.9443 0.4211 0.404 0.911 0.106
-215.843 273.927 963.437 0.938 0.4126 0.357 0.903 0.251
-214.448 272.269 964.057 0.9409 0.4102 0.618 0.669 0.406
