Vertex Count: 1020

Data:

-56.3821 -195.702 842.151 0.959 0.5127 0.849 0.354 -0.393
-60.1669 -196.649 836.636 0.958 0.501 0.691 0.331 -0.647
-57.9334 -194.007 842.495 0.9629 0.5122 0.642 0.669 -0.373
-71.062 184.092 830.784 0.9634 0.3464 -0.011 0.984 0.19
-75.9252 183.704 832.503 0.9727 0.3477 -0.011 0.984 0.19
-82.4805 182.163 840.138 0.9873 0.3586 -0.011 0.984 0.19
-82.4805 182.163 840.138 0.9873 0.3586 -0.011 0.984 0.19
-83.3819 181.195 845.133 0.9912 0.3672 -0.011 0.984 0.19
-71.062 184.092 830.784 0.9634 0.3464 -0.011 0.984 0.19
-65.8877 184.151 830.8 0.9541 0.3486 -0.011 0.984 0.19
-71.062 184.092 830.784 0.9634 0.3464 -0.011 0.984 0.19
-83.3819 181.195 845.133 0.9912 0.3672 -0.011 0.984 0.19
-83.3819 181.195 845.133 0.9912 0.3672 -0.011 0.984 0.19
-82.2574 180.276 850.007 0.9917 0.3765 -0.02 0.984 0.177
-65.8877 184.151 830.8 0.9541 0.3486 -0.011 0.984 0.19
-61.205 183.833 832.759 0.9463 0.354 -0.015 0.984 0.184
-65.8877 184.151 830.8 0.9541 0.3486 -0.011 0.984 0.19
-82.2574 180.276 850.007 0.9917 0.3765 -0.02 0.984 0.177
-58.4779 183.262 836.778 0.9434 0.3623 -0.011 0.984 0.19
-61.205 183.833 832.759 0.9463 0.354 -0.015 0.984 0.184
-82.2574 180.276 850.007 0.9917 0.3765 -0.02 0.984 0.177
-82.2574 180.276 850.007 0.9917 0.3765 -0.02 0.984 0.177
-79.6897 179.484 854.301 0.9888 0.3855 -0.011 0.984 0.19
-58.4779 183.262 836.778 0.9434 0.3623 -0.011 0.984 0.19
-79.6897 179.484 854.301 0.9888 0.3855 -0.011 0.984 0.19
-75.9402 178.855 857.811 0.9834 0.3931 -0.006 0.984 0.197
-58.4779 183.262 836.778 0.9434 0.3623 -0.011 0.984 0.19
-54.4804 182.481 840.23 0.938 0.3704 -0.006 0.984 0.197
-58.4779 183.262 836.778 0.9434 0.3623 -0.011 0.984 0.19
-75.9402 178.855 857.811 0.9834 0.3931 -0.006 0.984 0.197
-75.9402 178.855 857.811 0.9834 0.3931 -0.006 0.984 0.197
-71.0791 178.578 859.563 0.9756 0.3982 -0.011 0.984 0.19
-54.4804 182.481 840.23 0.938 0.3704 -0.006 0.984 0.197
-53.5849 181.533 845.23 0.9385 0.3796 -0.011 0.984 0.19
-54.4804 182.481 840.23 0.938 0.3704 -0.006 0.984 0.197
-71.0791 178.578 859.563 0.9756 0.3982 -0.011 0.984 0.19
-71.0791 178.578 859.563 0.9756 0.3982 -0.011 0.984 0.19
-66.4366 178.746 858.82 0.9673 0.3987 -0.006 0.984 0.197
-53.5849 181.533 845.23 0.9385 0.3796 -0.011 0.984 0.19
-55.0181 180.675 849.465 0.9429 0.3867 -0.006 0.984 0.197
-53.5849 181.533 845.23 0.9385 0.3796 -0.011 0.984 0.19
-66.4366 178.746 858.82 0.9673 0.3987 -0.006 0.984 0.197
-66.4366 178.746 858.82 0.9673 0.3987 -0.006 0.984 0.197
-61.5734 179.134 857.1 0.958 0.3977 -0.011 0.984 0.19
-55.0181 180.675 849.465 0.9429 0.3867 -0.006 0.984 0.197
-57.6078 179.804 853.851 0.9492 0.3936 -0.011 0.984 0.19
-55.0181 180.675 849.465 0.9429 0.3867 -0.006 0.984 0.197
-61.5734 179.134 857.1 0.958 0.3977 -0.011 0.984 0.19
-67.9553 -195.011 837.585 0.7051 0.9858 0.613 -0.039 -0.785
-66.4901 -18.6047 830.694 0.6987 0.666 0.629 -0.008 -0.777
-65.6885 -194.367 841.294 0.7134 0.9844 0.774 -0.031 -0.638
-64.2942 -18.6047 834.455 0.707 0.666 0.769 -0.008 -0.645
-65.6885 -194.367 841.294 0.7134 0.9844 0.774 -0.031 -0.638
-66.4901 -18.6047 830.694 0.6987 0.666 0.629 -0.008 -0.777
-65.6885 -194.367 841.294 0.7134 0.9844 0.774 -0.031 -0.638
-64.2942 -18.6047 834.455 0.707 0.666 0.769 -0.008 -0.645
-62.1157 -193.7 844.299 0.7222 0.9834 0.855 -0.024 -0.522
-66.4901 -18.6047 830.694 0.6987 0.666 0.629 -0.008 -0.777
-66.3245 108.391 835.005 0.7041 0.4363 0.624 -0.031 -0.783
-64.2942 -18.6047 834.455 0.707 0.666 0.769 -0.008 -0.645
-60.7958 -18.6047 837.48 0.7153 0.6655 0.862 -0.008 -0.498
-62.1157 -193.7 844.299 0.7222 0.9834 0.855 -0.024 -0.522
-64.2942 -18.6047 834.455 0.707 0.666 0.769 -0.008 -0.645
-62.1157 -193.7 844.299 0.7222 0.9834 0.855 -0.024 -0.522
-60.7958 -18.6047 837.48 0.7153 0.6655 0.862 -0.008 -0.498
-61.2704 -193.091 848.744 0.7314 0.9819 0.998 -0.008 -0.016
-63.5515 108.544 839.24 0.7129 0.4358 0.759 -0.031 -0.646
-64.2942 -18.6047 834.455 0.707 0.666 0.769 -0.008 -0.645
-66.3245 108.391 835.005 0.7041 0.4363 0.624 -0.031 -0.783
-64.2942 -18.6047 834.455 0.707 0.666 0.769 -0.008 -0.645
-63.5515 108.544 839.24 0.7129 0.4358 0.759 -0.031 -0.646
-60.7958 -18.6047 837.48 0.7153 0.6655 0.862 -0.008 -0.498
-60.0147 -18.6047 841.909 0.7241 0.6655 1.002 -0.008 -0.01
-61.2704 -193.091 848.744 0.7314 0.9819 0.998 -0.008 -0.016
-60.7958 -18.6047 837.48 0.7153 0.6655 0.862 -0.008 -0.498
-61.2704 -193.091 848.744 0.7314 0.9819 0.998 -0.008 -0.016
-60.0147 -18.6047 841.909 0.7241 0.6655 1.002 -0.008 -0.01
-62.0034 -192.614 853.222 0.7407 0.981 0.903 0.008 0.425
-59.6466 108.567 842.888 0.7227 0.4353 0.876 -0.039 -0.479
-60.7958 -18.6047 837.48 0.7153 0.6655 0.862 -0.008 -0.498
-63.5515 108.544 839.24 0.7129 0.4358 0.759 -0.031 -0.646
-60.7958 -18.6047 837.48 0.7153 0.6655 0.862 -0.008 -0.498
-59.6466 108.567 842.888 0.7227 0.4353 0.876 -0.039 -0.479
-60.0147 -18.6047 841.909 0.7241 0.6655 1.002 -0.008 -0.01
-63.5515 108.544 839.24 0.7129 0.4358 0.759 -0.031 -0.646
-66.3245 108.391 835.005 0.7041 0.4363 0.624 -0.031 -0.783
-57.8373 181.742 836.035 0.7041 0.303 0.762 0.228 -0.601
-57.8373 181.742 836.035 0.7041 0.303 0.762 0.228 -0.601
-66.3245 108.391 835.005 0.7041 0.4363 0.624 -0.031 -0.783
-60.7816 182.363 831.677 0.6943 0.3022 0.608 0.252 -0.752
-60.7816 182.363 831.677 0.6943 0.3022 0.608 0.252 -0.752
-61.205 183.833 832.759 0.6953 0.2993 0.57 0.567 -0.601
-57.8373 181.742 836.035 0.7041 0.303 0.762 0.228 -0.601
-58.4779 183.262 836.778 0.7041 0.2998 0.69 0.504 -0.512
-57.8373 181.742 836.035 0.7041 0.303 0.762 0.228 -0.601
-61.205 183.833 832.759 0.6953 0.2993 0.57 0.567 -0.601
-57.8373 181.742 836.035 0.7041 0.303 0.762 0.228 -0.601
-58.4779 183.262 836.778 0.7041 0.2998 0.69 0.504 -0.512
-54.4804 182.481 840.23 0.7139 0.3008 0.802 0.465 -0.379
-53.829 180.89 839.832 0.7139 0.304 0.881 0.181 -0.444
-63.5515 108.544 839.24 0.7129 0.4358 0.759 -0.031 -0.646
-57.8373 181.742 836.035 0.7041 0.303 0.762 0.228 -0.601
-53.829 180.89 839.832 0.7139 0.304 0.881 0.181 -0.444
-57.8373 181.742 836.035 0.7041 0.303 0.762 0.228 -0.601
-54.4804 182.481 840.23 0.7139 0.3008 0.802 0.465 -0.379
-59.6466 108.567 842.888 0.7227 0.4353 0.876 -0.039 -0.479
-63.5515 108.544 839.24 0.7129 0.4358 0.759 -0.031 -0.646
-53.829 180.89 839.832 0.7139 0.304 0.881 0.181 -0.444
-53.829 180.89 839.832 0.7139 0.304 0.881 0.181 -0.444
-54.4804 182.481 840.23 0.7139 0.3008 0.802 0.465 -0.379
-52.8778 179.892 845.144 0.7236 0.3054 0.982 0.15 0.071
-52.8778 179.892 845.144 0.7236 0.3054 0.982 0.15 0.071
-59.6466 108.567 842.888 0.7227 0.4353 0.876 -0.039 -0.479
-53.829 180.89 839.832 0.7139 0.304 0.881 0.181 -0.444
-53.5849 181.533 845.23 0.7241 0.3022 0.916 0.386 0.128
-52.8778 179.892 845.144 0.7236 0.3054 0.982 0.15 0.071
-54.4804 182.481 840.23 0.7139 0.3008 0.802 0.465 -0.379
-52.8778 179.892 845.144 0.7236 0.3054 0.982 0.15 0.071
-53.5849 181.533 845.23 0.7241 0.3022 0.916 0.386 0.128
-55.0181 180.675 849.465 0.7324 0.3037 0.827 0.354 0.44
-58.7091 108.445 848.037 0.7314 0.4353 0.999 -0.047 0.012
-59.6466 108.567 842.888 0.7227 0.4353 0.876 -0.039 -0.479
-52.8778 179.892 845.144 0.7236 0.3054 0.982 0.15 0.071
-58.7091 108.445 848.037 0.7314 0.4353 0.999 -0.047 0.012
-60.0147 -18.6047 841.909 0.7241 0.6655 1.002 -0.008 -0.01
-59.6466 108.567 842.888 0.7227 0.4353 0.876 -0.039 -0.479
-54.3878 178.989 849.661 0.7324 0.3071 0.892 0.15 0.423
-52.8778 179.892 845.144 0.7236 0.3054 0.982 0.15 0.071
-55.0181 180.675 849.465 0.7324 0.3037 0.827 0.354 0.44
-54.3878 178.989 849.661 0.7324 0.3071 0.892 0.15 0.423
-58.7091 108.445 848.037 0.7314 0.4353 0.999 -0.047 0.012
-52.8778 179.892 845.144 0.7236 0.3054 0.982 0.15 0.071
-54.3878 178.989 849.661 0.7324 0.3071 0.892 0.15 0.423
-55.0181 180.675 849.465 0.7324 0.3037 0.827 0.354 0.44
-57.6078 179.804 853.851 0.7422 0.3054 0.685 0.354 0.635
-60.0147 -18.6047 841.909 0.7241 0.6655 1.002 -0.008 -0.01
-58.7091 108.445 848.037 0.7314 0.4353 0.999 -0.047 0.012
-60.7958 -18.6047 846.339 0.7329 0.6655 0.903 -0.008 0.425
-60.7958 -18.6047 846.339 0.7329 0.6655 0.903 -0.008 0.425
-62.0034 -192.614 853.222 0.7407 0.981 0.903 0.008 0.425
-60.0147 -18.6047 841.909 0.7241 0.6655 1.002 -0.008 -0.01
-59.592 108.198 853.19 0.7402 0.4355 0.903 -0.039 0.425
-58.7091 108.445 848.037 0.7314 0.4353 0.999 -0.047 0.012
-54.3878 178.989 849.661 0.7324 0.3071 0.892 0.15 0.423
-59.592 108.198 853.19 0.7402 0.4355 0.903 -0.039 0.425
-60.7958 -18.6047 846.339 0.7329 0.6655 0.903 -0.008 0.425
-58.7091 108.445 848.037 0.7314 0.4353 0.999 -0.047 0.012
-57.1507 178.078 854.303 0.7422 0.3088 0.723 0.157 0.676
-54.3878 178.989 849.661 0.7324 0.3071 0.892 0.15 0.423
-57.6078 179.804 853.851 0.7422 0.3054 0.685 0.354 0.635
-57.1507 178.078 854.303 0.7422 0.3088 0.723 0.157 0.676
-59.592 108.198 853.19 0.7402 0.4355 0.903 -0.039 0.425
-54.3878 178.989 849.661 0.7324 0.3071 0.892 0.15 0.423
-57.1507 178.078 854.303 0.7422 0.3088 0.723 0.157 0.676
-57.6078 179.804 853.851 0.7422 0.3054 0.685 0.354 0.635
-61.5734 179.134 857.1 0.752 0.3066 0.443 0.362 0.824
-63.6141 -18.6047 849.421 0.7412 0.6655 0.7 -0.008 0.711
-62.0034 -192.614 853.222 0.7407 0.981 0.903 0.008 0.425
-60.7958 -18.6047 846.339 0.7329 0.6655 0.903 -0.008 0.425
-60.7958 -18.6047 846.339 0.7329 0.6655 0.903 -0.008 0.425
-59.592 108.198 853.19 0.7402 0.4355 0.903 -0.039 0.425
-63.6141 -18.6047 849.421 0.7412 0.6655 0.7 -0.008 0.711
-64.7955 -192.326 856.38 0.749 0.981 0.7 0.024 0.711
-62.0034 -192.614 853.222 0.7407 0.981 0.903 0.008 0.425
-63.6141 -18.6047 849.421 0.7412 0.6655 0.7 -0.008 0.711
-62.7581 107.855 856.91 0.748 0.4363 0.713 -0.039 0.702
-59.592 108.198 853.19 0.7402 0.4355 0.903 -0.039 0.425
-57.1507 178.078 854.303 0.7422 0.3088 0.723 0.157 0.676
-62.7581 107.855 856.91 0.748 0.4363 0.713 -0.039 0.702
-63.6141 -18.6047 849.421 0.7412 0.6655 0.7 -0.008 0.711
-59.592 108.198 853.19 0.7402 0.4355 0.903 -0.039 0.425
-61.3623 177.377 857.755 0.752 0.3101 0.494 0.173 0.856
-57.1507 178.078 854.303 0.7422 0.3088 0.723 0.157 0.676
-61.5734 179.134 857.1 0.752 0.3066 0.443 0.362 0.824
-61.3623 177.377 857.755 0.752 0.3101 0.494 0.173 0.856
-62.7581 107.855 856.91 0.748 0.4363 0.713 -0.039 0.702
-57.1507 178.078 854.303 0.7422 0.3088 0.723 0.157 0.676
-67.0596 -18.6047 852.312 0.75 0.666 0.593 -0.016 0.806
-64.7955 -192.326 856.38 0.749 0.981 0.7 0.024 0.711
-63.6141 -18.6047 849.421 0.7412 0.6655 0.7 -0.008 0.711
-63.6141 -18.6047 849.421 0.7412 0.6655 0.7 -0.008 0.711
-62.7581 107.855 856.91 0.748 0.4363 0.713 -0.039 0.702
-67.0596 -18.6047 852.312 0.75 0.666 0.593 -0.016 0.806
-68.2402 -192.262 859.366 0.7583 0.981 0.599 0.031 0.801
-64.7955 -192.326 856.38 0.749 0.981 0.7 0.024 0.711
-67.0596 -18.6047 852.312 0.75 0.666 0.593 -0.016 0.806
-66.7556 107.457 860.278 0.7573 0.437 0.561 -0.031 0.828
-62.7581 107.855 856.91 0.748 0.4363 0.713 -0.039 0.702
-61.3623 177.377 857.755 0.752 0.3101 0.494 0.173 0.856
-66.7556 107.457 860.278 0.7573 0.437 0.561 -0.031 0.828
-67.0596 -18.6047 852.312 0.75 0.666 0.593 -0.016 0.806
-62.7581 107.855 856.91 0.748 0.4363 0.713 -0.039 0.702
-61.3623 177.377 857.755 0.752 0.3101 0.494 0.173 0.856
-61.5734 179.134 857.1 0.752 0.3066 0.443 0.362 0.824
-66.5147 176.972 859.601 0.7622 0.3108 0.24 0.205 0.947
-66.5147 176.972 859.601 0.7622 0.3108 0.24 0.205 0.947
-66.7556 107.457 860.278 0.7573 0.437 0.561 -0.031 0.828
-61.3623 177.377 857.755 0.752 0.3101 0.494 0.173 0.856
-66.4366 178.746 858.82 0.7617 0.3074 0.215 0.378 0.897
-66.5147 176.972 859.601 0.7622 0.3108 0.24 0.205 0.947
-61.5734 179.134 857.1 0.752 0.3066 0.443 0.362 0.824
-66.5147 176.972 859.601 0.7622 0.3108 0.24 0.205 0.947
-66.4366 178.746 858.82 0.7617 0.3074 0.215 0.378 0.897
-71.0791 178.578 859.563 0.771 0.3079 -0.058 0.425 0.906
-66.7556 107.457 860.278 0.7573 0.437 0.561 -0.031 0.828
-71.1023 107.053 862.887 0.7646 0.438 0.26 -0.016 0.962
-67.0596 -18.6047 852.312 0.75 0.666 0.593 -0.016 0.806
-71.1023 107.053 862.887 0.7646 0.438 0.26 -0.016 0.962
-66.7556 107.457 860.278 0.7573 0.437 0.561 -0.031 0.828
-66.5147 176.972 859.601 0.7622 0.3108 0.24 0.205 0.947
-71.4572 176.801 860.373 0.7715 0.3115 -0.113 0.228 0.964
-66.5147 176.972 859.601 0.7622 0.3108 0.24 0.205 0.947
-71.0791 178.578 859.563 0.771 0.3079 -0.058 0.425 0.906
-71.4572 176.801 860.373 0.7715 0.3115 -0.113 0.228 0.964
-71.1023 107.053 862.887 0.7646 0.438 0.26 -0.016 0.962
-66.5147 176.972 859.601 0.7622 0.3108 0.24 0.205 0.947
-71.0791 178.578 859.563 0.771 0.3079 -0.058 0.425 0.906
-75.9402 178.855 857.811 0.7813 0.3076 -0.402 0.496 0.772
-71.4572 176.801 860.373 0.7715 0.3115 -0.113 0.228 0.964
-70.7168 -18.6047 854.664 0.7603 0.666 0.288 -0.016 0.961
-67.0596 -18.6047 852.312 0.75 0.666 0.593 -0.016 0.806
-71.1023 107.053 862.887 0.7646 0.438 0.26 -0.016 0.962
-67.0596 -18.6047 852.312 0.75 0.666 0.593 -0.016 0.806
-70.7168 -18.6047 854.664 0.7603 0.666 0.288 -0.016 0.961
-68.2402 -192.262 859.366 0.7583 0.981 0.599 0.031 0.801
-71.9218 -192.43 861.818 0.7656 0.981 0.278 0.039 0.959
-68.2402 -192.262 859.366 0.7583 0.981 0.599 0.031 0.801
-70.7168 -18.6047 854.664 0.7603 0.666 0.288 -0.016 0.961
-76.3439 106.692 862.894 0.772 0.4387 -0.157 -0.008 0.984
-71.1023 107.053 862.887 0.7646 0.438 0.26 -0.016 0.962
-71.4572 176.801 860.373 0.7715 0.3115 -0.113 0.228 0.964
-71.1023 107.053 862.887 0.7646 0.438 0.26 -0.016 0.962
-76.3439 106.692 862.894 0.772 0.4387 -0.157 -0.008 0.984
-70.7168 -18.6047 854.664 0.7603 0.666 0.288 -0.016 0.961
-76.62 177.098 858.513 0.7817 0.311 -0.47 0.276 0.839
-71.4572 176.801 860.373 0.7715 0.3115 -0.113 0.228 0.964
-75.9402 178.855 857.811 0.7813 0.3076 -0.402 0.496 0.772
-71.4572 176.801 860.373 0.7715 0.3115 -0.113 0.228 0.964
-76.62 177.098 858.513 0.7817 0.311 -0.47 0.276 0.839
-76.3439 106.692 862.894 0.772 0.4387 -0.157 -0.008 0.984
-75.9402 178.855 857.811 0.7813 0.3076 -0.402 0.496 0.772
-79.6897 179.484 854.301 0.7915 0.3066 -0.583 0.567 0.581
-76.62 177.098 858.513 0.7817 0.311 -0.47 0.276 0.839
-70.7168 -18.6047 854.664 0.7603 0.666 0.288 -0.016 0.961
-75.2146 -18.6047 854.664 0.772 0.666 -0.168 -0.016 0.982
-71.9218 -192.43 861.818 0.7656 0.981 0.278 0.039 0.959
-75.2146 -18.6047 854.664 0.772 0.666 -0.168 -0.016 0.982
-70.7168 -18.6047 854.664 0.7603 0.666 0.288 -0.016 0.961
-76.3439 106.692 862.894 0.772 0.4387 -0.157 -0.008 0.984
-76.4663 -192.809 861.914 0.772 0.9819 -0.179 0.039 0.981
-71.9218 -192.43 861.818 0.7656 0.981 0.278 0.039 0.959
-75.2146 -18.6047 854.664 0.772 0.666 -0.168 -0.016 0.982
-81.2789 106.416 861.112 0.7793 0.4395 -0.498 0 0.868
-76.3439 106.692 862.894 0.772 0.4387 -0.157 -0.008 0.984
-76.62 177.098 858.513 0.7817 0.311 -0.47 0.276 0.839
-76.3439 106.692 862.894 0.772 0.4387 -0.157 -0.008 0.984
-81.2789 106.416 861.112 0.7793 0.4395 -0.498 0 0.868
-75.2146 -18.6047 854.664 0.772 0.666 -0.168 -0.016 0.982
-80.7904 177.719 855.005 0.792 0.3103 -0.7 0.315 0.634
-76.62 177.098 858.513 0.7817 0.311 -0.47 0.276 0.839
-79.6897 179.484 854.301 0.7915 0.3066 -0.583 0.567 0.581
-76.62 177.098 858.513 0.7817 0.311 -0.47 0.276 0.839
-80.7904 177.719 855.005 0.792 0.3103 -0.7 0.315 0.634
-81.2789 106.416 861.112 0.7793 0.4395 -0.498 0 0.868
-79.6897 179.484 854.301 0.7915 0.3066 -0.583 0.567 0.581
-82.2574 180.276 850.007 0.8018 0.3052 -0.706 0.591 0.379
-80.7904 177.719 855.005 0.792 0.3103 -0.7 0.315 0.634
-75.2146 -18.6047 854.664 0.772 0.666 -0.168 -0.016 0.982
-79.4412 -18.6047 853.125 0.7837 0.6665 -0.502 -0.008 0.861
-76.4663 -192.809 861.914 0.772 0.9819 -0.179 0.039 0.981
-79.4412 -18.6047 853.125 0.7837 0.6665 -0.502 -0.008 0.861
-75.2146 -18.6047 854.664 0.772 0.666 -0.168 -0.016 0.982
-81.2789 106.416 861.112 0.7793 0.4395 -0.498 0 0.868
-80.7562 -193.354 860.455 0.7788 0.9834 -0.513 0.039 0.859
-76.4663 -192.809 861.914 0.772 0.9819 -0.179 0.039 0.981
-79.4412 -18.6047 853.125 0.7837 0.6665 -0.502 -0.008 0.861
-81.2789 106.416 861.112 0.7793 0.4395 -0.498 0 0.868
-85.275 106.262 857.724 0.7876 0.4399 -0.759 0.008 0.646
-79.4412 -18.6047 853.125 0.7837 0.6665 -0.502 -0.008 0.861
-85.275 106.262 857.724 0.7876 0.4399 -0.759 0.008 0.646
-81.2789 106.416 861.112 0.7793 0.4395 -0.498 0 0.868
-80.7904 177.719 855.005 0.792 0.3103 -0.7 0.315 0.634
-82.8493 -18.6047 850.203 0.7935 0.6665 -0.763 -0.008 0.64
-80.7562 -193.354 860.455 0.7788 0.9834 -0.513 0.039 0.859
-79.4412 -18.6047 853.125 0.7837 0.6665 -0.502 -0.008 0.861
-82.8493 -18.6047 850.203 0.7935 0.6665 -0.763 -0.008 0.64
-79.4412 -18.6047 853.125 0.7837 0.6665 -0.502 -0.008 0.861
-85.275 106.262 857.724 0.7876 0.4399 -0.759 0.008 0.646
-84.2373 -193.999 857.584 0.7866 0.9844 -0.774 0.031 0.638
-80.7562 -193.354 860.455 0.7788 0.9834 -0.513 0.039 0.859
-82.8493 -18.6047 850.203 0.7935 0.6665 -0.763 -0.008 0.64
-85.275 106.262 857.724 0.7876 0.4399 -0.759 0.008 0.646
-80.7904 177.719 855.005 0.792 0.3103 -0.7 0.315 0.634
-87.9568 106.24 853.23 0.7969 0.4402 -0.933 0.016 0.356
-85.275 106.262 857.724 0.7876 0.4399 -0.759 0.008 0.646
-87.9568 106.24 853.23 0.7969 0.4402 -0.933 0.016 0.356
-82.8493 -18.6047 850.203 0.7935 0.6665 -0.763 -0.008 0.64
-82.8493 -18.6047 850.203 0.7935 0.6665 -0.763 -0.008 0.64
-85.1356 -18.6047 846.339 0.8022 0.6665 -0.938 -0.008 0.349
-84.2373 -193.999 857.584 0.7866 0.9844 -0.774 0.031 0.638
-85.1356 -18.6047 846.339 0.8022 0.6665 -0.938 -0.008 0.349
-82.8493 -18.6047 850.203 0.7935 0.6665 -0.763 -0.008 0.64
-87.9568 106.24 853.23 0.7969 0.4402 -0.933 0.016 0.356
-86.5958 -194.665 853.74 0.7954 0.9858 -0.942 0.024 0.343
-84.2373 -193.999 857.584 0.7866 0.9844 -0.774 0.031 0.638
-85.1356 -18.6047 846.339 0.8022 0.6665 -0.938 -0.008 0.349
-83.5727 178.571 850.358 0.8018 0.3088 -0.863 0.339 0.374
-87.9568 106.24 853.23 0.7969 0.4402 -0.933 0.016 0.356
-80.7904 177.719 855.005 0.792 0.3103 -0.7 0.315 0.634
-83.5727 178.571 850.358 0.8018 0.3088 -0.863 0.339 0.374
-80.7904 177.719 855.005 0.792 0.3103 -0.7 0.315 0.634
-82.2574 180.276 850.007 0.8018 0.3052 -0.706 0.591 0.379
-87.9568 106.24 853.23 0.7969 0.4402 -0.933 0.016 0.356
-88.8943 106.362 848.08 0.8057 0.4399 -1.002 0.016 0.01
-85.1356 -18.6047 846.339 0.8022 0.6665 -0.938 -0.008 0.349
-87.9568 106.24 853.23 0.7969 0.4402 -0.933 0.016 0.356
-83.5727 178.571 850.358 0.8018 0.3088 -0.863 0.339 0.374
-88.8943 106.362 848.08 0.8057 0.4399 -1.002 0.016 0.01
-85.1356 -18.6047 846.339 0.8022 0.6665 -0.938 -0.008 0.349
-85.9166 -18.6047 841.909 0.8115 0.6665 -1 -0.008 -0.001
-86.5958 -194.665 853.74 0.7954 0.9858 -0.942 0.024 0.343
-85.9166 -18.6047 841.909 0.8115 0.6665 -1 -0.008 -0.001
-85.1356 -18.6047 846.339 0.8022 0.6665 -0.938 -0.008 0.349
-88.8943 106.362 848.08 0.8057 0.4399 -1.002 0.016 0.01
-87.4411 -195.274 849.295 0.8042 0.9868 -1 0.008 -0.001
-86.5958 -194.665 853.74 0.7954 0.9858 -0.942 0.024 0.343
-85.9166 -18.6047 841.909 0.8115 0.6665 -1 -0.008 -0.001
-83.5727 178.571 850.358 0.8018 0.3088 -0.863 0.339 0.374
-82.2574 180.276 850.007 0.8018 0.3052 -0.706 0.591 0.379
-84.5238 179.569 845.046 0.812 0.3071 -0.942 0.331 0.054
-84.5238 179.569 845.046 0.812 0.3071 -0.942 0.331 0.054
-88.8943 106.362 848.08 0.8057 0.4399 -1.002 0.016 0.01
-83.5727 178.571 850.358 0.8018 0.3088 -0.863 0.339 0.374
-83.3819 181.195 845.133 0.8115 0.3037 -0.799 0.591 0.108
-84.5238 179.569 845.046 0.812 0.3071 -0.942 0.331 0.054
-82.2574 180.276 850.007 0.8018 0.3052 -0.706 0.591 0.379
-88.8943 106.362 848.08 0.8057 0.4399 -1.002 0.016 0.01
-88.0114 106.609 842.928 0.8145 0.4397 -0.942 0.016 -0.33
-85.9166 -18.6047 841.909 0.8115 0.6665 -1 -0.008 -0.001
-88.8943 106.362 848.08 0.8057 0.4399 -1.002 0.016 0.01
-84.5238 179.569 845.046 0.812 0.3071 -0.942 0.331 0.054
-88.0114 106.609 842.928 0.8145 0.4397 -0.942 0.016 -0.33
-85.9166 -18.6047 841.909 0.8115 0.6665 -1 -0.008 -0.001
-85.1355 -18.6047 837.48 0.8203 0.6665 -0.941 -0.008 -0.341
-87.4411 -195.274 849.295 0.8042 0.9868 -1 0.008 -0.001
-85.1355 -18.6047 837.48 0.8203 0.6665 -0.941 -0.008 -0.341
-85.9166 -18.6047 841.909 0.8115 0.6665 -1 -0.008 -0.001
-88.0114 106.609 842.928 0.8145 0.4397 -0.942 0.016 -0.33
-86.7081 -195.751 844.817 0.813 0.9878 -0.941 -0.008 -0.341
-87.4411 -195.274 849.295 0.8042 0.9868 -1 0.008 -0.001
-85.1355 -18.6047 837.48 0.8203 0.6665 -0.941 -0.008 -0.341
-86.7081 -195.751 844.817 0.813 0.9878 -0.941 -0.008 -0.341
-85.1355 -18.6047 837.48 0.8203 0.6665 -0.941 -0.008 -0.341
-84.4852 -196.039 840.846 0.8218 0.9883 -0.77 -0.016 -0.633
-84.5238 179.569 845.046 0.812 0.3071 -0.942 0.331 0.054
-83.3819 181.195 845.133 0.8115 0.3037 -0.799 0.591 0.108
-83.5666 180.586 839.74 0.8218 0.3054 -0.906 0.323 -0.279
-83.5666 180.586 839.74 0.8218 0.3054 -0.906 0.323 -0.279
-88.0114 106.609 842.928 0.8145 0.4397 -0.942 0.016 -0.33
-84.5238 179.569 845.046 0.812 0.3071 -0.942 0.331 0.054
-82.4805 182.163 840.138 0.8218 0.302 -0.786 0.591 -0.19
-83.5666 180.586 839.74 0.8218 0.3054 -0.906 0.323 -0.279
-83.3819 181.195 845.133 0.8115 0.3037 -0.799 0.591 0.108
-82.4805 182.163 840.138 0.8218 0.302 -0.786 0.591 -0.19
-79.8908 183.035 835.752 0.832 0.3003 -0.653 0.598 -0.466
-83.5666 180.586 839.74 0.8218 0.3054 -0.906 0.323 -0.279
-82.8866 -18.6047 833.585 0.8291 0.6665 -0.768 -0.008 -0.644
-84.4852 -196.039 840.846 0.8218 0.9883 -0.77 -0.016 -0.633
-85.1355 -18.6047 837.48 0.8203 0.6665 -0.941 -0.008 -0.341
-84.4852 -196.039 840.846 0.8218 0.9883 -0.77 -0.016 -0.633
-82.8866 -18.6047 833.585 0.8291 0.6665 -0.768 -0.008 -0.644
-81.0406 -196.103 837.86 0.8306 0.9883 -0.516 -0.031 -0.86
-88.0114 106.609 842.928 0.8145 0.4397 -0.942 0.016 -0.33
-85.4146 106.952 838.394 0.8232 0.439 -0.77 0.016 -0.633
-85.1355 -18.6047 837.48 0.8203 0.6665 -0.941 -0.008 -0.341
-82.8866 -18.6047 833.585 0.8291 0.6665 -0.768 -0.008 -0.644
-85.1355 -18.6047 837.48 0.8203 0.6665 -0.941 -0.008 -0.341
-85.4146 106.952 838.394 0.8232 0.439 -0.77 0.016 -0.633
-88.0114 106.609 842.928 0.8145 0.4397 -0.942 0.016 -0.33
-83.5666 180.586 839.74 0.8218 0.3054 -0.906 0.323 -0.279
-85.4146 106.952 838.394 0.8232 0.439 -0.77 0.016 -0.633
-79.441 -18.6047 830.694 0.8379 0.6665 -0.503 -0.008 -0.869
-81.0406 -196.103 837.86 0.8306 0.9883 -0.516 -0.031 -0.86
-82.8866 -18.6047 833.585 0.8291 0.6665 -0.768 -0.008 -0.644
-82.8866 -18.6047 833.585 0.8291 0.6665 -0.768 -0.008 -0.644
-85.4146 106.952 838.394 0.8232 0.439 -0.77 0.016 -0.633
-79.441 -18.6047 830.694 0.8379 0.6665 -0.503 -0.008 -0.869
-81.0406 -196.103 837.86 0.8306 0.9883 -0.516 -0.031 -0.86
-79.441 -18.6047 830.694 0.8379 0.6665 -0.503 -0.008 -0.869
-76.7897 -195.935 836.221 0.8403 0.9878 -0.188 -0.039 -0.983
-80.8162 181.5 835.08 0.832 0.3037 -0.745 0.315 -0.584
-85.4146 106.952 838.394 0.8232 0.439 -0.77 0.016 -0.633
-83.5666 180.586 839.74 0.8218 0.3054 -0.906 0.323 -0.279
-80.8162 181.5 835.08 0.832 0.3037 -0.745 0.315 -0.584
-83.5666 180.586 839.74 0.8218 0.3054 -0.906 0.323 -0.279
-79.8908 183.035 835.752 0.832 0.3003 -0.653 0.598 -0.466
-79.8908 183.035 835.752 0.832 0.3003 -0.653 0.598 -0.466
-75.9252 183.704 832.503 0.8418 0.2993 -0.428 0.591 -0.68
-80.8162 181.5 835.08 0.832 0.3037 -0.745 0.315 -0.584
-81.4171 107.349 835.027 0.832 0.4382 -0.503 0.008 -0.869
-79.441 -18.6047 830.694 0.8379 0.6665 -0.503 -0.008 -0.869
-85.4146 106.952 838.394 0.8232 0.439 -0.77 0.016 -0.633
-85.4146 106.952 838.394 0.8232 0.439 -0.77 0.016 -0.633
-80.8162 181.5 835.08 0.832 0.3037 -0.745 0.315 -0.584
-81.4171 107.349 835.027 0.832 0.4382 -0.503 0.008 -0.869
-75.2145 -18.6047 829.155 0.8452 0.6665 -0.178 0 -0.981
-76.7897 -195.935 836.221 0.8403 0.9878 -0.188 -0.039 -0.983
-79.441 -18.6047 830.694 0.8379 0.6665 -0.503 -0.008 -0.869
-79.441 -18.6047 830.694 0.8379 0.6665 -0.503 -0.008 -0.869
-81.4171 107.349 835.027 0.832 0.4382 -0.503 0.008 -0.869
-75.2145 -18.6047 829.155 0.8452 0.6665 -0.178 0 -0.981
-76.7897 -195.935 836.221 0.8403 0.9878 -0.188 -0.039 -0.983
-75.2145 -18.6047 829.155 0.8452 0.6665 -0.178 0 -0.981
-72.2452 -195.556 836.125 0.8511 0.9873 0.152 -0.039 -0.991
-76.6046 182.201 831.628 0.8418 0.3025 -0.495 0.307 -0.817
-81.4171 107.349 835.027 0.832 0.4382 -0.503 0.008 -0.869
-80.8162 181.5 835.08 0.832 0.3037 -0.745 0.315 -0.584
-76.6046 182.201 831.628 0.8418 0.3025 -0.495 0.307 -0.817
-80.8162 181.5 835.08 0.832 0.3037 -0.745 0.315 -0.584
-75.9252 183.704 832.503 0.8418 0.2993 -0.428 0.591 -0.68
-76.5011 107.753 833.231 0.8418 0.4375 -0.178 0 -0.981
-75.2145 -18.6047 829.155 0.8452 0.6665 -0.178 0 -0.981
-81.4171 107.349 835.027 0.832 0.4382 -0.503 0.008 -0.869
-81.4171 107.349 835.027 0.832 0.4382 -0.503 0.008 -0.869
-76.6046 182.201 831.628 0.8418 0.3025 -0.495 0.307 -0.817
-76.5011 107.753 833.231 0.8418 0.4375 -0.178 0 -0.981
-70.7167 -18.6047 829.155 0.8521 0.6665 0.168 -0.008 -0.982
-72.2452 -195.556 836.125 0.8511 0.9873 0.152 -0.039 -0.991
-75.2145 -18.6047 829.155 0.8452 0.6665 -0.178 0 -0.981
-75.2145 -18.6047 829.155 0.8452 0.6665 -0.178 0 -0.981
-76.5011 107.753 833.231 0.8418 0.4375 -0.178 0 -0.981
-70.7167 -18.6047 829.155 0.8521 0.6665 0.168 -0.008 -0.982
-72.2452 -195.556 836.125 0.8511 0.9873 0.152 -0.039 -0.991
-70.7167 -18.6047 829.155 0.8521 0.6665 0.168 -0.008 -0.982
-67.9553 -195.011 837.585 0.8608 0.9863 0.613 -0.039 -0.785
-66.4901 -18.6047 830.694 0.8594 0.6665 0.629 -0.008 -0.777
-67.9553 -195.011 837.585 0.8608 0.9863 0.613 -0.039 -0.785
-70.7167 -18.6047 829.155 0.8521 0.6665 0.168 -0.008 -0.982
-76.6046 182.201 831.628 0.8418 0.3025 -0.495 0.307 -0.817
-75.9252 183.704 832.503 0.8418 0.2993 -0.428 0.591 -0.68
-71.4397 182.604 829.8 0.8516 0.3018 -0.172 0.283 -0.946
-71.4397 182.604 829.8 0.8516 0.3018 -0.172 0.283 -0.946
-76.5011 107.753 833.231 0.8418 0.4375 -0.178 0 -0.981
-76.6046 182.201 831.628 0.8418 0.3025 -0.495 0.307 -0.817
-71.062 184.092 830.784 0.8516 0.2983 -0.145 0.575 -0.811
-71.4397 182.604 829.8 0.8516 0.3018 -0.172 0.283 -0.946
-75.9252 183.704 832.503 0.8418 0.2993 -0.428 0.591 -0.68
-71.2595 108.115 833.223 0.8525 0.4368 0.168 -0.016 -0.982
-70.7167 -18.6047 829.155 0.8521 0.6665 0.168 -0.008 -0.982
-76.5011 107.753 833.231 0.8418 0.4375 -0.178 0 -0.981
-70.7167 -18.6047 829.155 0.8521 0.6665 0.168 -0.008 -0.982
-71.2595 108.115 833.223 0.8525 0.4368 0.168 -0.016 -0.982
-66.4901 -18.6047 830.694 0.8594 0.6665 0.629 -0.008 -0.777
-76.5011 107.753 833.231 0.8418 0.4375 -0.178 0 -0.981
-71.4397 182.604 829.8 0.8516 0.3018 -0.172 0.283 -0.946
-71.2595 108.115 833.223 0.8525 0.4368 0.168 -0.016 -0.982
-66.3245 108.391 835.005 0.8628 0.4363 0.624 -0.031 -0.783
-66.4901 -18.6047 830.694 0.8594 0.6665 0.629 -0.008 -0.777
-71.2595 108.115 833.223 0.8525 0.4368 0.168 -0.016 -0.982
-71.4397 182.604 829.8 0.8516 0.3018 -0.172 0.283 -0.946
-71.062 184.092 830.784 0.8516 0.2983 -0.145 0.575 -0.811
-65.9444 182.66 829.817 0.8608 0.3015 0.173 0.268 -0.948
-65.9444 182.66 829.817 0.8608 0.3015 0.173 0.268 -0.948
-71.2595 108.115 833.223 0.8525 0.4368 0.168 -0.016 -0.982
-71.4397 182.604 829.8 0.8516 0.3018 -0.172 0.283 -0.946
-71.2595 108.115 833.223 0.8525 0.4368 0.168 -0.016 -0.982
-65.9444 182.66 829.817 0.8608 0.3015 0.173 0.268 -0.948
-66.3245 108.391 835.005 0.8628 0.4363 0.624 -0.031 -0.783
-65.8877 184.151 830.8 0.8613 0.2983 0.176 0.567 -0.806
-65.9444 182.66 829.817 0.8608 0.3015 0.173 0.268 -0.948
-71.062 184.092 830.784 0.8516 0.2983 -0.145 0.575 -0.811
-60.7816 182.363 831.677 0.8701 0.302 0.608 0.252 -0.752
-66.3245 108.391 835.005 0.8628 0.4363 0.624 -0.031 -0.783
-65.9444 182.66 829.817 0.8608 0.3015 0.173 0.268 -0.948
-65.8877 184.151 830.8 0.8613 0.2983 0.176 0.567 -0.806
-61.205 183.833 832.759 0.8706 0.2988 0.57 0.567 -0.601
-65.9444 182.66 829.817 0.8608 0.3015 0.173 0.268 -0.948
-60.7816 182.363 831.677 0.8701 0.302 0.608 0.252 -0.752
-65.9444 182.66 829.817 0.8608 0.3015 0.173 0.268 -0.948
-61.205 183.833 832.759 0.8706 0.2988 0.57 0.567 -0.601
-65.943 -195.717 833.288 0.9614 0.4897 0.342 0.598 -0.72
-61.4503 -194.874 837.411 0.9624 0.5005 0.526 0.63 -0.58
-65.0541 -197.564 832.193 0.957 0.489 0.464 0.299 -0.834
-60.1669 -196.649 836.636 0.958 0.501 0.691 0.331 -0.647
-65.0541 -197.564 832.193 0.957 0.489 0.464 0.299 -0.834
-61.4503 -194.874 837.411 0.9624 0.5005 0.526 0.63 -0.58
-61.4503 -194.874 837.411 0.9624 0.5005 0.526 0.63 -0.58
-57.9334 -194.007 842.495 0.9629 0.5122 0.642 0.669 -0.373
-60.1669 -196.649 836.636 0.958 0.501 0.691 0.331 -0.647
-60.1669 -196.649 836.636 0.958 0.501 0.691 0.331 -0.647
-59.0934 -228.675 837.471 0.8994 0.5 0.713 -0.339 -0.615
-65.0541 -197.564 832.193 0.957 0.489 0.464 0.299 -0.834
-63.9843 -228.571 832.862 0.9004 0.488 0.482 -0.339 -0.808
-65.0541 -197.564 832.193 0.957 0.489 0.464 0.299 -0.834
-59.0934 -228.675 837.471 0.8994 0.5 0.713 -0.339 -0.615
-63.9843 -228.571 832.862 0.9004 0.488 0.482 -0.339 -0.808
-59.0934 -228.675 837.471 0.8994 0.5 0.713 -0.339 -0.615
-64.6861 -230.266 834.179 0.8965 0.4888 0.385 -0.661 -0.644
-60.1875 -230.365 838.45 0.8955 0.4998 0.574 -0.654 -0.498
-64.6861 -230.266 834.179 0.8965 0.4888 0.385 -0.661 -0.644
-59.0934 -228.675 837.471 0.8994 0.5 0.713 -0.339 -0.615
-59.0934 -228.675 837.471 0.8994 0.5 0.713 -0.339 -0.615
-56.6929 -230.472 843.66 0.895 0.5117 0.701 -0.654 -0.289
-60.1875 -230.365 838.45 0.8955 0.4998 0.574 -0.654 -0.498
-59.0934 -228.675 837.471 0.8994 0.5 0.713 -0.339 -0.615
-60.1669 -196.649 836.636 0.958 0.501 0.691 0.331 -0.647
-55.3395 -228.782 843.126 0.8989 0.5117 0.877 -0.331 -0.354
-56.6929 -230.472 843.66 0.895 0.5117 0.701 -0.654 -0.289
-59.0934 -228.675 837.471 0.8994 0.5 0.713 -0.339 -0.615
-55.3395 -228.782 843.126 0.8989 0.5117 0.877 -0.331 -0.354
-79.8908 183.035 835.752 0.981 0.3518 -0.011 0.984 0.19
-82.4805 182.163 840.138 0.9873 0.3586 -0.011 0.984 0.19
-75.9252 183.704 832.503 0.9727 0.3477 -0.011 0.984 0.19
-56.3821 -195.702 842.151 0.959 0.5127 0.849 0.354 -0.393
-55.3395 -228.782 843.126 0.8989 0.5117 0.877 -0.331 -0.354
-60.1669 -196.649 836.636 0.958 0.501 0.691 0.331 -0.647
-57.9334 -194.007 842.495 0.9629 0.5122 0.642 0.669 -0.373
-56.7868 -193.142 848.589 0.9644 0.5244 0.701 0.709 -0.097
-56.3821 -195.702 842.151 0.959 0.5127 0.849 0.354 -0.393
-55.3395 -228.782 843.126 0.8989 0.5117 0.877 -0.331 -0.354
-54.1547 -228.8 849.818 0.8979 0.5239 0.95 -0.323 -0.002
-56.6929 -230.472 843.66 0.895 0.5117 0.701 -0.654 -0.289
-55.3395 -228.782 843.126 0.8989 0.5117 0.877 -0.331 -0.354
-56.3821 -195.702 842.151 0.959 0.5127 0.849 0.354 -0.393
-54.1547 -228.8 849.818 0.8979 0.5239 0.95 -0.323 -0.002
-55.5941 -230.495 849.845 0.894 0.5234 0.762 -0.646 0.004
-56.6929 -230.472 843.66 0.895 0.5117 0.701 -0.654 -0.289
-54.1547 -228.8 849.818 0.8979 0.5239 0.95 -0.323 -0.002
-55.1377 -194.759 848.748 0.9604 0.5249 0.925 0.386 -0.052
-56.3821 -195.702 842.151 0.959 0.5127 0.849 0.354 -0.393
-56.7868 -193.142 848.589 0.9644 0.5244 0.701 0.709 -0.097
-55.1377 -194.759 848.748 0.9604 0.5249 0.925 0.386 -0.052
-54.1547 -228.8 849.818 0.8979 0.5239 0.95 -0.323 -0.002
-56.3821 -195.702 842.151 0.959 0.5127 0.849 0.354 -0.393
-56.7868 -193.142 848.589 0.9644 0.5244 0.701 0.709 -0.097
-57.8124 -192.411 854.729 0.9653 0.5361 0.657 0.732 0.155
-55.1377 -194.759 848.748 0.9604 0.5249 0.925 0.386 -0.052
-54.1547 -228.8 849.818 0.8979 0.5239 0.95 -0.323 -0.002
-55.34 -228.754 856.505 0.8979 0.5356 0.892 -0.315 0.327
-55.5941 -230.495 849.845 0.894 0.5234 0.762 -0.646 0.004
-54.1547 -228.8 849.818 0.8979 0.5239 0.95 -0.323 -0.002
-55.1377 -194.759 848.748 0.9604 0.5249 0.925 0.386 -0.052
-55.34 -228.754 856.505 0.8979 0.5356 0.892 -0.315 0.327
-56.6864 -230.459 856.027 0.8936 0.5356 0.716 -0.646 0.268
-55.5941 -230.495 849.845 0.894 0.5234 0.762 -0.646 0.004
-55.34 -228.754 856.505 0.8979 0.5356 0.892 -0.315 0.327
-55.34 -228.754 856.505 0.8979 0.5356 0.892 -0.315 0.327
-59.8375 -230.368 861.46 0.8936 0.5474 0.584 -0.638 0.504
-56.6864 -230.459 856.027 0.8936 0.5356 0.716 -0.646 0.268
-56.2452 -193.961 855.395 0.9614 0.5366 0.873 0.409 0.273
-55.1377 -194.759 848.748 0.9604 0.5249 0.925 0.386 -0.052
-57.8124 -192.411 854.729 0.9653 0.5361 0.657 0.732 0.155
-56.2452 -193.961 855.395 0.9614 0.5366 0.873 0.409 0.273
-55.34 -228.754 856.505 0.8979 0.5356 0.892 -0.315 0.327
-55.1377 -194.759 848.748 0.9604 0.5249 0.925 0.386 -0.052
-57.8124 -192.411 854.729 0.9653 0.5361 0.657 0.732 0.155
-60.8864 -191.902 860.174 0.9663 0.5483 0.537 0.756 0.383
-56.2452 -193.961 855.395 0.9614 0.5366 0.873 0.409 0.273
-59.8375 -230.368 861.46 0.8936 0.5474 0.584 -0.638 0.504
-55.34 -228.754 856.505 0.8979 0.5356 0.892 -0.315 0.327
-58.7505 -228.651 862.379 0.8979 0.5474 0.728 -0.307 0.615
-55.34 -228.754 856.505 0.8979 0.5356 0.892 -0.315 0.327
-56.2452 -193.961 855.395 0.9614 0.5366 0.873 0.409 0.273
-58.7505 -228.651 862.379 0.8979 0.5474 0.728 -0.307 0.615
-59.8375 -230.368 861.46 0.8936 0.5474 0.584 -0.638 0.504
-58.7505 -228.651 862.379 0.8979 0.5474 0.728 -0.307 0.615
-64.6668 -230.233 865.491 0.894 0.5596 0.374 -0.638 0.671
-59.5719 -193.404 861.292 0.9619 0.5483 0.71 0.417 0.56
-56.2452 -193.961 855.395 0.9614 0.5366 0.873 0.409 0.273
-60.8864 -191.902 860.174 0.9663 0.5483 0.537 0.756 0.383
-59.5719 -193.404 861.292 0.9619 0.5483 0.71 0.417 0.56
-58.7505 -228.651 862.379 0.8979 0.5474 0.728 -0.307 0.615
-56.2452 -193.961 855.395 0.9614 0.5366 0.873 0.409 0.273
-64.6668 -230.233 865.491 0.894 0.5596 0.374 -0.638 0.671
-58.7505 -228.651 862.379 0.8979 0.5474 0.728 -0.307 0.615
-63.974 -228.502 866.736 0.8979 0.5596 0.471 -0.307 0.824
-58.7505 -228.651 862.379 0.8979 0.5474 0.728 -0.307 0.615
-59.5719 -193.404 861.292 0.9619 0.5483 0.71 0.417 0.56
-63.974 -228.502 866.736 0.8979 0.5596 0.471 -0.307 0.824
-59.5719 -193.404 861.292 0.9619 0.5483 0.71 0.417 0.56
-60.8864 -191.902 860.174 0.9663 0.5483 0.537 0.756 0.383
-64.7168 -193.156 865.725 0.9624 0.5601 0.468 0.425 0.778
-64.7168 -193.156 865.725 0.9624 0.5601 0.468 0.425 0.778
-63.974 -228.502 866.736 0.8979 0.5596 0.471 -0.307 0.824
-59.5719 -193.404 861.292 0.9619 0.5483 0.71 0.417 0.56
-65.6376 -191.677 864.265 0.9663 0.5605 0.343 0.756 0.558
-64.7168 -193.156 865.725 0.9624 0.5601 0.468 0.425 0.778
-60.8864 -191.902 860.174 0.9663 0.5483 0.537 0.756 0.383
-63.974 -228.502 866.736 0.8979 0.5596 0.471 -0.307 0.824
-70.381 -228.326 869.052 0.8984 0.5713 0.163 -0.315 0.933
-64.6668 -230.233 865.491 0.894 0.5596 0.374 -0.638 0.671
-63.974 -228.502 866.736 0.8979 0.5596 0.471 -0.307 0.824
-64.7168 -193.156 865.725 0.9624 0.5601 0.468 0.425 0.778
-70.381 -228.326 869.052 0.8984 0.5713 0.163 -0.315 0.933
-70.5919 -230.071 867.632 0.8945 0.5713 0.12 -0.638 0.762
-64.6668 -230.233 865.491 0.894 0.5596 0.374 -0.638 0.671
-70.381 -228.326 869.052 0.8984 0.5713 0.163 -0.315 0.933
-64.7168 -193.156 865.725 0.9624 0.5601 0.468 0.425 0.778
-65.6376 -191.677 864.265 0.9663 0.5605 0.343 0.756 0.558
-71.0588 -193.248 868.158 0.9624 0.5723 0.158 0.417 0.899
-71.0588 -193.248 868.158 0.9624 0.5723 0.158 0.417 0.899
-70.381 -228.326 869.052 0.8984 0.5713 0.163 -0.315 0.933
-64.7168 -193.156 865.725 0.9624 0.5601 0.468 0.425 0.778
-71.4928 -191.762 866.511 0.9663 0.5723 0.094 0.748 0.655
-71.0588 -193.248 868.158 0.9624 0.5723 0.158 0.417 0.899
-65.6376 -191.677 864.265 0.9663 0.5605 0.343 0.756 0.558
-70.381 -228.326 869.052 0.8984 0.5713 0.163 -0.315 0.933
-77.2006 -228.143 869.047 0.8989 0.583 -0.164 -0.315 0.932
-70.5919 -230.071 867.632 0.8945 0.5713 0.12 -0.638 0.762
-70.381 -228.326 869.052 0.8984 0.5713 0.163 -0.315 0.933
-71.0588 -193.248 868.158 0.9624 0.5723 0.158 0.417 0.899
-77.2006 -228.143 869.047 0.8989 0.583 -0.164 -0.315 0.932
-76.8988 -229.901 867.627 0.8945 0.583 -0.144 -0.638 0.755
-70.5919 -230.071 867.632 0.8945 0.5713 0.12 -0.638 0.762
-77.2006 -228.143 869.047 0.8989 0.583 -0.164 -0.315 0.932
-71.4928 -191.762 866.511 0.9663 0.5723 0.094 0.748 0.655
-77.8317 -193.667 868.297 0.9619 0.584 -0.176 0.394 0.902
-71.0588 -193.248 868.158 0.9624 0.5723 0.158 0.417 0.899
-77.8317 -193.667 868.297 0.9619 0.584 -0.176 0.394 0.902
-77.2006 -228.143 869.047 0.8989 0.583 -0.164 -0.315 0.932
-71.0588 -193.248 868.158 0.9624 0.5723 0.158 0.417 0.899
-77.7461 -192.148 866.64 0.9658 0.5845 -0.162 0.732 0.661
-77.8317 -193.667 868.297 0.9619 0.584 -0.176 0.394 0.902
-71.4928 -191.762 866.511 0.9663 0.5723 0.094 0.748 0.655
-77.2006 -228.143 869.047 0.8989 0.583 -0.164 -0.315 0.932
-82.8273 -229.743 865.476 0.895 0.5947 -0.393 -0.638 0.66
-76.8988 -229.901 867.627 0.8945 0.583 -0.144 -0.638 0.755
-77.7461 -192.148 866.64 0.9658 0.5845 -0.162 0.732 0.661
-84.2175 -194.363 866.126 0.9604 0.5957 -0.484 0.37 0.791
-77.8317 -193.667 868.297 0.9619 0.584 -0.176 0.394 0.902
-77.8317 -193.667 868.297 0.9619 0.584 -0.176 0.394 0.902
-84.2175 -194.363 866.126 0.9604 0.5957 -0.484 0.37 0.791
-77.2006 -228.143 869.047 0.8989 0.583 -0.164 -0.315 0.932
-77.7461 -192.148 866.64 0.9658 0.5845 -0.162 0.732 0.661
-83.6431 -192.787 864.637 0.9648 0.5962 -0.419 0.701 0.582
-84.2175 -194.363 866.126 0.9604 0.5957 -0.484 0.37 0.791
-82.8273 -229.743 865.476 0.895 0.5947 -0.393 -0.638 0.66
-77.2006 -228.143 869.047 0.8989 0.583 -0.164 -0.315 0.932
-83.6121 -227.975 866.722 0.8994 0.5947 -0.477 -0.323 0.815
-83.6121 -227.975 866.722 0.8994 0.5947 -0.477 -0.323 0.815
-77.2006 -228.143 869.047 0.8989 0.583 -0.164 -0.315 0.932
-84.2175 -194.363 866.126 0.9604 0.5957 -0.484 0.37 0.791
-83.6121 -227.975 866.722 0.8994 0.5947 -0.477 -0.323 0.815
-87.6256 -229.618 861.406 0.8955 0.6069 -0.59 -0.646 0.49
-82.8273 -229.743 865.476 0.895 0.5947 -0.393 -0.638 0.66
-83.6431 -192.787 864.637 0.9648 0.5962 -0.419 0.701 0.582
-89.408 -195.254 861.876 0.959 0.6074 -0.736 0.339 0.583
-84.2175 -194.363 866.126 0.9604 0.5957 -0.484 0.37 0.791
-84.2175 -194.363 866.126 0.9604 0.5957 -0.484 0.37 0.791
-89.408 -195.254 861.876 0.959 0.6074 -0.736 0.339 0.583
-83.6121 -227.975 866.722 0.8994 0.5947 -0.477 -0.323 0.815
-89.408 -195.254 861.876 0.959 0.6074 -0.736 0.339 0.583
-83.6431 -192.787 864.637 0.9648 0.5962 -0.419 0.701 0.582
-88.4356 -193.605 860.711 0.9634 0.6079 -0.622 0.661 0.416
-87.6256 -229.618 861.406 0.8955 0.6069 -0.59 -0.646 0.49
-83.6121 -227.975 866.722 0.8994 0.5947 -0.477 -0.323 0.815
-88.8064 -227.845 862.326 0.8999 0.6064 -0.718 -0.331 0.608
-88.8064 -227.845 862.326 0.8999 0.6064 -0.718 -0.331 0.608
-83.6121 -227.975 866.722 0.8994 0.5947 -0.477 -0.323 0.815
-89.408 -195.254 861.876 0.959 0.6074 -0.736 0.339 0.583
-87.6256 -229.618 861.406 0.8955 0.6069 -0.59 -0.646 0.49
-88.8064 -227.845 862.326 0.8999 0.6064 -0.718 -0.331 0.608
-90.8217 -229.538 855.998 0.896 0.6187 -0.713 -0.654 0.259
-88.4356 -193.605 860.711 0.9634 0.6079 -0.622 0.661 0.416
-92.8834 -196.227 856.151 0.9575 0.6191 -0.902 0.315 0.305
-89.408 -195.254 861.876 0.959 0.6074 -0.736 0.339 0.583
-89.408 -195.254 861.876 0.959 0.6074 -0.736 0.339 0.583
-92.8834 -196.227 856.151 0.9575 0.6191 -0.902 0.315 0.305
-88.8064 -227.845 862.326 0.8999 0.6064 -0.718 -0.331 0.608
-92.8834 -196.227 856.151 0.9575 0.6191 -0.902 0.315 0.305
-88.4356 -193.605 860.711 0.9634 0.6079 -0.622 0.661 0.416
-91.6518 -194.498 855.428 0.9619 0.6196 -0.758 0.622 0.194
-92.2636 -227.764 856.475 0.9004 0.6187 -0.884 -0.339 0.33
-90.8217 -229.538 855.998 0.896 0.6187 -0.713 -0.654 0.259
-88.8064 -227.845 862.326 0.8999 0.6064 -0.718 -0.331 0.608
-92.2636 -227.764 856.475 0.9004 0.6187 -0.884 -0.339 0.33
-88.8064 -227.845 862.326 0.8999 0.6064 -0.718 -0.331 0.608
-92.8834 -196.227 856.151 0.9575 0.6191 -0.902 0.315 0.305
-92.8834 -196.227 856.151 0.9575 0.6191 -0.902 0.315 0.305
-91.6518 -194.498 855.428 0.9619 0.6196 -0.758 0.622 0.194
-94.1185 -197.17 849.553 0.9561 0.6304 -0.957 0.283 -0.022
-92.8834 -196.227 856.151 0.9575 0.6191 -0.902 0.315 0.305
-94.1185 -197.17 849.553 0.9561 0.6304 -0.957 0.283 -0.022
-92.2636 -227.764 856.475 0.9004 0.6187 -0.884 -0.339 0.33
-92.7969 -195.363 849.333 0.9604 0.6309 -0.808 0.583 -0.069
-94.1185 -197.17 849.553 0.9561 0.6304 -0.957 0.283 -0.022
-91.6518 -194.498 855.428 0.9619 0.6196 -0.758 0.622 0.194
-92.7969 -195.363 849.333 0.9604 0.6309 -0.808 0.583 -0.069
-91.7701 -196.093 843.194 0.959 0.6426 -0.768 0.551 -0.328
-94.1185 -197.17 849.553 0.9561 0.6304 -0.957 0.283 -0.022
-92.2636 -227.764 856.475 0.9004 0.6187 -0.884 -0.339 0.33
-93.4581 -227.746 849.785 0.9004 0.6309 -0.939 -0.346 0.004
-90.8217 -229.538 855.998 0.896 0.6187 -0.713 -0.654 0.259
-93.4581 -227.746 849.785 0.9004 0.6309 -0.939 -0.346 0.004
-92.2636 -227.764 856.475 0.9004 0.6187 -0.884 -0.339 0.33
-94.1185 -197.17 849.553 0.9561 0.6304 -0.957 0.283 -0.022
-91.9224 -229.514 849.814 0.8965 0.6309 -0.758 -0.654 0.002
-90.8217 -229.538 855.998 0.896 0.6187 -0.713 -0.654 0.259
-93.4581 -227.746 849.785 0.9004 0.6309 -0.939 -0.346 0.004
-93.4581 -227.746 849.785 0.9004 0.6309 -0.939 -0.346 0.004
-90.8317 -229.551 843.631 0.8965 0.6431 -0.707 -0.661 -0.255
-91.9224 -229.514 849.814 0.8965 0.6309 -0.758 -0.654 0.002
-93.003 -197.966 842.91 0.9551 0.6421 -0.901 0.268 -0.34
-94.1185 -197.17 849.553 0.9561 0.6304 -0.957 0.283 -0.022
-91.7701 -196.093 843.194 0.959 0.6426 -0.768 0.551 -0.328
-94.1185 -197.17 849.553 0.9561 0.6304 -0.957 0.283 -0.022
-93.003 -197.966 842.91 0.9551 0.6421 -0.901 0.268 -0.34
-93.4581 -227.746 849.785 0.9004 0.6309 -0.939 -0.346 0.004
-91.7701 -196.093 843.194 0.959 0.6426 -0.768 0.551 -0.328
-88.6957 -196.602 837.751 0.9585 0.6538 -0.631 0.535 -0.558
-93.003 -197.966 842.91 0.9551 0.6421 -0.901 0.268 -0.34
-90.8317 -229.551 843.631 0.8965 0.6431 -0.707 -0.661 -0.255
-93.4581 -227.746 849.785 0.9004 0.6309 -0.939 -0.346 0.004
-92.2813 -227.792 843.094 0.9009 0.6431 -0.883 -0.354 -0.314
-92.2813 -227.792 843.094 0.9009 0.6431 -0.883 -0.354 -0.314
-93.4581 -227.746 849.785 0.9004 0.6309 -0.939 -0.346 0.004
-93.003 -197.966 842.91 0.9551 0.6421 -0.901 0.268 -0.34
-92.2813 -227.792 843.094 0.9009 0.6431 -0.883 -0.354 -0.314
-87.6812 -229.641 838.195 0.8965 0.6548 -0.583 -0.661 -0.476
-90.8317 -229.551 843.631 0.8965 0.6431 -0.707 -0.661 -0.255
-89.6732 -198.521 837.022 0.9546 0.6538 -0.737 0.252 -0.628
-93.003 -197.966 842.91 0.9551 0.6421 -0.901 0.268 -0.34
-88.6957 -196.602 837.751 0.9585 0.6538 -0.631 0.535 -0.558
-93.003 -197.966 842.91 0.9551 0.6421 -0.901 0.268 -0.34
-89.6732 -198.521 837.022 0.9546 0.6538 -0.737 0.252 -0.628
-92.2813 -227.792 843.094 0.9009 0.6431 -0.883 -0.354 -0.314
-88.6957 -196.602 837.751 0.9585 0.6538 -0.631 0.535 -0.558
-83.945 -196.827 833.661 0.9585 0.6655 -0.432 0.528 -0.726
-89.6732 -198.521 837.022 0.9546 0.6538 -0.737 0.252 -0.628
-87.6812 -229.641 838.195 0.8965 0.6548 -0.583 -0.661 -0.476
-92.2813 -227.792 843.094 0.9009 0.6431 -0.883 -0.354 -0.314
-88.874 -227.895 837.209 0.9009 0.6548 -0.726 -0.354 -0.597
-88.874 -227.895 837.209 0.9009 0.6548 -0.726 -0.354 -0.597
-92.2813 -227.792 843.094 0.9009 0.6431 -0.883 -0.354 -0.314
-89.6732 -198.521 837.022 0.9546 0.6538 -0.737 0.252 -0.628
-84.5315 -198.768 832.598 0.9541 0.6655 -0.486 0.252 -0.832
-89.6732 -198.521 837.022 0.9546 0.6538 -0.737 0.252 -0.628
-83.945 -196.827 833.661 0.9585 0.6655 -0.432 0.528 -0.726
-89.6732 -198.521 837.022 0.9546 0.6538 -0.737 0.252 -0.628
-84.5315 -198.768 832.598 0.9541 0.6655 -0.486 0.252 -0.832
-88.874 -227.895 837.209 0.9009 0.6548 -0.726 -0.354 -0.597
-88.874 -227.895 837.209 0.9009 0.6548 -0.726 -0.354 -0.597
-83.647 -228.044 832.843 0.9009 0.667 -0.475 -0.354 -0.802
-87.6812 -229.641 838.195 0.8965 0.6548 -0.583 -0.661 -0.476
-83.647 -228.044 832.843 0.9009 0.667 -0.475 -0.354 -0.802
-88.874 -227.895 837.209 0.9009 0.6548 -0.726 -0.354 -0.597
-84.5315 -198.768 832.598 0.9541 0.6655 -0.486 0.252 -0.832
-82.8512 -229.776 834.163 0.8965 0.667 -0.384 -0.661 -0.644
-87.6812 -229.641 838.195 0.8965 0.6548 -0.583 -0.661 -0.476
-83.647 -228.044 832.843 0.9009 0.667 -0.475 -0.354 -0.802
-84.5315 -198.768 832.598 0.9541 0.6655 -0.486 0.252 -0.832
-83.945 -196.827 833.661 0.9585 0.6655 -0.432 0.528 -0.726
-78.1977 -198.677 830.17 0.9541 0.6777 -0.19 0.26 -0.944
-84.5315 -198.768 832.598 0.9541 0.6655 -0.486 0.252 -0.832
-78.1977 -198.677 830.17 0.9541 0.6777 -0.19 0.26 -0.944
-83.647 -228.044 832.843 0.9009 0.667 -0.475 -0.354 -0.802
-78.0909 -196.742 831.416 0.9585 0.6772 -0.183 0.535 -0.824
-78.1977 -198.677 830.17 0.9541 0.6777 -0.19 0.26 -0.944
-83.945 -196.827 833.661 0.9585 0.6655 -0.432 0.528 -0.726
-83.647 -228.044 832.843 0.9009 0.667 -0.475 -0.354 -0.802
-77.2313 -228.221 830.523 0.9004 0.6792 -0.172 -0.354 -0.918
-82.8512 -229.776 834.163 0.8965 0.667 -0.384 -0.661 -0.644
-77.2313 -228.221 830.523 0.9004 0.6792 -0.172 -0.354 -0.918
-83.647 -228.044 832.843 0.9009 0.667 -0.475 -0.354 -0.802
-78.1977 -198.677 830.17 0.9541 0.6777 -0.19 0.26 -0.944
-76.9245 -229.939 832.021 0.8965 0.6792 -0.141 -0.661 -0.737
-82.8512 -229.776 834.163 0.8965 0.667 -0.384 -0.661 -0.644
-77.2313 -228.221 830.523 0.9004 0.6792 -0.172 -0.354 -0.918
-78.1977 -198.677 830.17 0.9541 0.6777 -0.19 0.26 -0.944
-78.0909 -196.742 831.416 0.9585 0.6772 -0.183 0.535 -0.824
-71.4339 -198.258 830.029 0.9551 0.6895 0.133 0.276 -0.949
-78.1977 -198.677 830.17 0.9541 0.6777 -0.19 0.26 -0.944
-71.4339 -198.258 830.029 0.9551 0.6895 0.133 0.276 -0.949
-77.2313 -228.221 830.523 0.9004 0.6792 -0.172 -0.354 -0.918
-71.8391 -196.356 831.286 0.9595 0.689 0.077 0.559 -0.823
-71.4339 -198.258 830.029 0.9551 0.6895 0.133 0.276 -0.949
-78.0909 -196.742 831.416 0.9585 0.6772 -0.183 0.535 -0.824
-71.8391 -196.356 831.286 0.9595 0.689 0.077 0.559 -0.823
-65.943 -195.717 833.288 0.9604 0.7007 0.342 0.598 -0.72
-71.4339 -198.258 830.029 0.9551 0.6895 0.133 0.276 -0.949
-65.0541 -197.564 832.193 0.9565 0.7017 0.464 0.299 -0.834
-71.4339 -198.258 830.029 0.9551 0.6895 0.133 0.276 -0.949
-65.943 -195.717 833.288 0.9604 0.7007 0.342 0.598 -0.72
-65.0541 -197.564 832.193 0.9565 0.7017 0.464 0.299 -0.834
-63.9843 -228.571 832.862 0.8999 0.7036 0.482 -0.339 -0.808
-71.4339 -198.258 830.029 0.9551 0.6895 0.133 0.276 -0.949
-70.4021 -228.404 830.53 0.9004 0.6914 0.151 -0.346 -0.923
-77.2313 -228.221 830.523 0.9004 0.6792 -0.172 -0.354 -0.918
-71.4339 -198.258 830.029 0.9551 0.6895 0.133 0.276 -0.949
-70.4021 -228.404 830.53 0.9004 0.6914 0.151 -0.346 -0.923
-71.4339 -198.258 830.029 0.9551 0.6895 0.133 0.276 -0.949
-63.9843 -228.571 832.862 0.8999 0.7036 0.482 -0.339 -0.808
-77.2313 -228.221 830.523 0.9004 0.6792 -0.172 -0.354 -0.918
-70.4021 -228.404 830.53 0.9004 0.6914 0.151 -0.346 -0.923
-76.9245 -229.939 832.021 0.8965 0.6792 -0.141 -0.661 -0.737
-64.6861 -230.266 834.179 0.8955 0.7031 0.385 -0.661 -0.644
-70.4021 -228.404 830.53 0.9004 0.6914 0.151 -0.346 -0.923
-63.9843 -228.571 832.862 0.8999 0.7036 0.482 -0.339 -0.808
-70.6158 -230.109 832.026 0.896 0.6914 0.119 -0.661 -0.737
-76.9245 -229.939 832.021 0.8965 0.6792 -0.141 -0.661 -0.737
-70.4021 -228.404 830.53 0.9004 0.6914 0.151 -0.346 -0.923
-70.4021 -228.404 830.53 0.9004 0.6914 0.151 -0.346 -0.923
-64.6861 -230.266 834.179 0.8955 0.7031 0.385 -0.661 -0.644
-70.6158 -230.109 832.026 0.896 0.6914 0.119 -0.661 -0.737
-56.6864 -230.459 856.027 0.9399 0.3291 -0.081 -1 -0.02
-60.6265 -230.087 854.674 0.9438 0.3225 -0.081 -1 -0.02
-55.5941 -230.495 849.845 0.9507 0.3333 -0.096 -0.992 0
-56.6864 -230.459 856.027 0.9399 0.3291 -0.081 -1 -0.02
-59.8375 -230.368 861.46 0.9316 0.3213 -0.062 -1 -0.034
-60.6265 -230.087 854.674 0.9438 0.3225 -0.081 -1 -0.02
-59.7563 -230.087 849.739 0.9526 0.3259 -0.096 -0.992 0
-55.5941 -230.495 849.845 0.9507 0.3333 -0.096 -0.992 0
-60.6265 -230.087 854.674 0.9438 0.3225 -0.081 -1 -0.02
-59.8375 -230.368 861.46 0.9316 0.3213 -0.062 -1 -0.034
-63.1321 -230.087 859.013 0.9375 0.3164 -0.062 -1 -0.034
-60.6265 -230.087 854.674 0.9438 0.3225 -0.081 -1 -0.02
-55.5941 -230.495 849.845 0.9507 0.3333 -0.096 -0.992 0
-59.7563 -230.087 849.739 0.9526 0.3259 -0.096 -0.992 0
-56.6929 -230.472 843.66 0.9619 0.3337 -0.084 -1 0.03
-63.1321 -230.087 859.013 0.9375 0.3164 -0.062 -1 -0.034
-59.8375 -230.368 861.46 0.9316 0.3213 -0.062 -1 -0.034
-64.6668 -230.233 865.491 0.9263 0.3113 -0.035 -1 -0.023
-60.6264 -230.087 844.804 0.9614 0.3262 -0.084 -1 0.03
-56.6929 -230.472 843.66 0.9619 0.3337 -0.084 -1 0.03
-59.7563 -230.087 849.739 0.9526 0.3259 -0.096 -0.992 0
-64.6668 -230.233 865.491 0.9263 0.3113 -0.035 -1 -0.023
-66.971 -230.087 862.235 0.9331 0.3083 -0.031 -1 -0.017
-63.1321 -230.087 859.013 0.9375 0.3164 -0.062 -1 -0.034
-56.6929 -230.472 843.66 0.9619 0.3337 -0.084 -1 0.03
-60.6264 -230.087 844.804 0.9614 0.3262 -0.084 -1 0.03
-60.1875 -230.365 838.45 0.9722 0.3279 -0.063 -1 0.034
-66.971 -230.087 862.235 0.9331 0.3083 -0.031 -1 -0.017
-64.6668 -230.233 865.491 0.9263 0.3113 -0.035 -1 -0.023
-70.5919 -230.071 867.632 0.9248 0.3 -0.013 -1 0.009
-63.6302 -230.087 840.808 0.9692 0.321 -0.058 -1 0.041
-60.1875 -230.365 838.45 0.9722 0.3279 -0.063 -1 0.034
-60.6264 -230.087 844.804 0.9614 0.3262 -0.084 -1 0.03
-71.68 -230.087 863.948 0.9316 0.2993 -0.019 -1 0.014
-66.971 -230.087 862.235 0.9331 0.3083 -0.031 -1 -0.017
-70.5919 -230.071 867.632 0.9248 0.3 -0.013 -1 0.009
-60.1875 -230.365 838.45 0.9722 0.3279 -0.063 -1 0.034
-63.6302 -230.087 840.808 0.9692 0.321 -0.058 -1 0.041
-64.6861 -230.266 834.179 0.9819 0.3232 -0.039 -1 0.027
-71.68 -230.087 863.948 0.9316 0.2993 -0.019 -1 0.014
-70.5919 -230.071 867.632 0.9248 0.3 -0.013 -1 0.009
-76.8988 -229.901 867.627 0.9272 0.2888 -0.025 -1 0.046
-66.9708 -230.087 837.242 0.9775 0.3179 -0.032 -1 0.023
-64.6861 -230.266 834.179 0.9819 0.3232 -0.039 -1 0.027
-63.6302 -230.087 840.808 0.9692 0.321 -0.058 -1 0.041
-76.6912 -230.087 863.948 0.9336 0.2905 -0.032 -1 0.051
-71.68 -230.087 863.948 0.9316 0.2993 -0.019 -1 0.014
-76.8988 -229.901 867.627 0.9272 0.2888 -0.025 -1 0.046
-64.6861 -230.266 834.179 0.9819 0.3232 -0.039 -1 0.027
-66.9708 -230.087 837.242 0.9775 0.3179 -0.032 -1 0.023
-70.6158 -230.109 832.026 0.9878 0.3135 -0.017 -1 0.003
-76.8988 -229.901 867.627 0.9272 0.2888 -0.025 -1 0.046
-82.8273 -229.743 865.476 0.9331 0.2791 -0.064 -0.992 0.074
-76.6912 -230.087 863.948 0.9336 0.2905 -0.032 -1 0.051
-71.6798 -230.087 835.528 0.9819 0.3103 -0.022 -1 -0.004
-70.6158 -230.109 832.026 0.9878 0.3135 -0.017 -1 0.003
-66.9708 -230.087 837.242 0.9775 0.3179 -0.032 -1 0.023
-81.4002 -230.087 862.235 0.9385 0.283 -0.064 -0.992 0.074
-76.6912 -230.087 863.948 0.9336 0.2905 -0.032 -1 0.051
-82.8273 -229.743 865.476 0.9331 0.2791 -0.064 -0.992 0.074
-70.6158 -230.109 832.026 0.9878 0.3135 -0.017 -1 0.003
-71.6798 -230.087 835.528 0.9819 0.3103 -0.022 -1 -0.004
-76.9245 -229.939 832.021 0.9902 0.3022 -0.027 -1 -0.039
-82.8273 -229.743 865.476 0.9331 0.2791 -0.064 -0.992 0.074
-87.6256 -229.618 861.406 0.9424 0.272 -0.11 -0.992 0.077
-81.4002 -230.087 862.235 0.9385 0.283 -0.064 -0.992 0.074
-76.6911 -230.087 835.528 0.9839 0.3015 -0.027 -1 -0.039
-76.9245 -229.939 832.021 0.9902 0.3022 -0.027 -1 -0.039
-71.6798 -230.087 835.528 0.9819 0.3103 -0.022 -1 -0.004
-81.4002 -230.087 862.235 0.9385 0.283 -0.064 -0.992 0.074
-87.6256 -229.618 861.406 0.9424 0.272 -0.11 -0.992 0.077
-85.2017 -230.087 858.982 0.9458 0.2773 -0.11 -0.992 0.077
-76.9245 -229.939 832.021 0.9902 0.3022 -0.027 -1 -0.039
-76.6911 -230.087 835.528 0.9839 0.3015 -0.027 -1 -0.039
-82.8512 -229.776 834.163 0.9888 0.291 -0.061 -0.992 -0.073
-87.6256 -229.618 861.406 0.9424 0.272 -0.11 -0.992 0.077
-90.8217 -229.538 855.998 0.9531 0.2686 -0.15 -0.984 0.047
-85.2017 -230.087 858.982 0.9458 0.2773 -0.11 -0.992 0.077
-81.4001 -230.087 837.242 0.9829 0.2925 -0.061 -0.992 -0.073
-82.8512 -229.776 834.163 0.9888 0.291 -0.061 -0.992 -0.073
-76.6911 -230.087 835.528 0.9839 0.3015 -0.027 -1 -0.039
-90.8217 -229.538 855.998 0.9531 0.2686 -0.15 -0.984 0.047
-87.7446 -230.087 854.674 0.9546 0.2747 -0.15 -0.984 0.047
-85.2017 -230.087 858.982 0.9458 0.2773 -0.11 -0.992 0.077
-82.8512 -229.776 834.163 0.9888 0.291 -0.061 -0.992 -0.073
-81.4001 -230.087 837.242 0.9829 0.2925 -0.061 -0.992 -0.073
-87.6812 -229.641 838.195 0.9834 0.281 -0.111 -0.992 -0.076
-87.7446 -230.087 854.674 0.9546 0.2747 -0.15 -0.984 0.047
-90.8217 -229.538 855.998 0.9531 0.2686 -0.15 -0.984 0.047
-91.9224 -229.514 849.814 0.9644 0.2688 -0.164 -0.984 -0.001
-85.2389 -230.087 840.463 0.9785 0.2844 -0.111 -0.992 -0.076
-87.6812 -229.641 838.195 0.9834 0.281 -0.111 -0.992 -0.076
-81.4001 -230.087 837.242 0.9829 0.2925 -0.061 -0.992 -0.073
-91.9224 -229.514 849.814 0.9644 0.2688 -0.164 -0.984 -0.001
-88.6148 -230.087 849.738 0.9634 0.2749 -0.164 -0.984 -0.001
-87.7446 -230.087 854.674 0.9546 0.2747 -0.15 -0.984 0.047
-87.6812 -229.641 838.195 0.9834 0.281 -0.111 -0.992 -0.076
-85.2389 -230.087 840.463 0.9785 0.2844 -0.111 -0.992 -0.076
-90.8317 -229.551 843.631 0.9751 0.2732 -0.15 -0.984 -0.049
-88.6148 -230.087 849.738 0.9634 0.2749 -0.164 -0.984 -0.001
-91.9224 -229.514 849.814 0.9644 0.2688 -0.164 -0.984 -0.001
-90.8317 -229.551 843.631 0.9751 0.2732 -0.15 -0.984 -0.049
-87.7446 -230.087 844.803 0.9717 0.2783 -0.15 -0.984 -0.049
-90.8317 -229.551 843.631 0.9751 0.2732 -0.15 -0.984 -0.049
-85.2389 -230.087 840.463 0.9785 0.2844 -0.111 -0.992 -0.076
-87.7446 -230.087 844.803 0.9717 0.2783 -0.15 -0.984 -0.049
-88.6148 -230.087 849.738 0.9634 0.2749 -0.164 -0.984 -0.001
-90.8317 -229.551 843.631 0.9751 0.2732 -0.15 -0.984 -0.049
-92.7969 -195.363 849.333 0.8872 0.2455 -0.023 0.992 -0.128
-87.4411 -195.274 849.295 0.8965 0.2424 -0.023 0.992 -0.128
-91.7701 -196.093 843.194 0.8926 0.2554 -0.031 0.992 -0.113
-92.7969 -195.363 849.333 0.8872 0.2455 -0.023 0.992 -0.128
-91.6518 -194.498 855.428 0.8857 0.2343 -0.014 0.992 -0.144
-87.4411 -195.274 849.295 0.8965 0.2424 -0.023 0.992 -0.128
-86.7081 -195.751 844.817 0.9004 0.2499 -0.031 0.992 -0.113
-91.7701 -196.093 843.194 0.8926 0.2554 -0.031 0.992 -0.113
-87.4411 -195.274 849.295 0.8965 0.2424 -0.023 0.992 -0.128
-91.6518 -194.498 855.428 0.8857 0.2343 -0.014 0.992 -0.144
-86.5958 -194.665 853.74 0.8955 0.2343 -0.019 0.992 -0.15
-87.4411 -195.274 849.295 0.8965 0.2424 -0.023 0.992 -0.128
-91.7701 -196.093 843.194 0.8926 0.2554 -0.031 0.992 -0.113
-86.7081 -195.751 844.817 0.9004 0.2499 -0.031 0.992 -0.113
-88.6957 -196.602 837.751 0.9009 0.2632 -0.048 0.992 -0.11
-88.4356 -193.605 860.711 0.8882 0.2231 -0.028 0.984 -0.163
-86.5958 -194.665 853.74 0.8955 0.2343 -0.019 0.992 -0.15
-91.6518 -194.498 855.428 0.8857 0.2343 -0.014 0.992 -0.144
-84.4852 -196.039 840.846 0.9063 0.2554 -0.048 0.992 -0.11
-88.6957 -196.602 837.751 0.9009 0.2632 -0.048 0.992 -0.11
-86.7081 -195.751 844.817 0.9004 0.2499 -0.031 0.992 -0.113
-88.4356 -193.605 860.711 0.8882 0.2231 -0.028 0.984 -0.163
-84.2373 -193.999 857.584 0.8975 0.2262 -0.028 0.984 -0.163
-86.5958 -194.665 853.74 0.8955 0.2343 -0.019 0.992 -0.15
-88.6957 -196.602 837.751 0.9009 0.2632 -0.048 0.992 -0.11
-84.4852 -196.039 840.846 0.9063 0.2554 -0.048 0.992 -0.11
-83.945 -196.827 833.661 0.9111 0.2676 -0.068 0.992 -0.125
-84.2373 -193.999 857.584 0.8975 0.2262 -0.028 0.984 -0.163
-88.4356 -193.605 860.711 0.8882 0.2231 -0.028 0.984 -0.163
-83.6431 -192.787 864.637 0.894 0.2136 -0.05 0.984 -0.167
-81.0406 -196.103 837.86 0.9141 0.2585 -0.068 0.992 -0.125
-83.945 -196.827 833.661 0.9111 0.2676 -0.068 0.992 -0.125
-84.4852 -196.039 840.846 0.9063 0.2554 -0.048 0.992 -0.11
-80.7562 -193.354 860.455 0.9014 0.2192 -0.05 0.984 -0.167
-84.2373 -193.999 857.584 0.8975 0.2262 -0.028 0.984 -0.163
-83.6431 -192.787 864.637 0.894 0.2136 -0.05 0.984 -0.167
-83.945 -196.827 833.661 0.9111 0.2676 -0.068 0.992 -0.125
-81.0406 -196.103 837.86 0.9141 0.2585 -0.068 0.992 -0.125
-78.0909 -196.742 831.416 0.9229 0.2681 -0.071 0.984 -0.143
-80.7562 -193.354 860.455 0.9014 0.2192 -0.05 0.984 -0.167
-83.6431 -192.787 864.637 0.894 0.2136 -0.05 0.984 -0.167
-77.7461 -192.148 866.64 0.9033 0.2067 -0.069 0.984 -0.154
-76.7897 -195.935 836.221 0.9224 0.2588 -0.075 0.984 -0.149
-78.0909 -196.742 831.416 0.9229 0.2681 -0.071 0.984 -0.143
-81.0406 -196.103 837.86 0.9141 0.2585 -0.068 0.992 -0.125
-76.4663 -192.809 861.914 0.9082 0.2141 -0.069 0.984 -0.154
-80.7562 -193.354 860.455 0.9014 0.2192 -0.05 0.984 -0.167
-77.7461 -192.148 866.64 0.9033 0.2067 -0.069 0.984 -0.154
-78.0909 -196.742 831.416 0.9229 0.2681 -0.071 0.984 -0.143
-76.7897 -195.935 836.221 0.9224 0.2588 -0.075 0.984 -0.149
-71.8391 -196.356 831.286 0.9336 0.2646 -0.067 0.984 -0.164
-77.7461 -192.148 866.64 0.9033 0.2067 -0.069 0.984 -0.154
-71.4928 -191.762 866.511 0.9141 0.2032 -0.079 0.992 -0.127
-76.4663 -192.809 861.914 0.9082 0.2141 -0.069 0.984 -0.154
-72.2452 -195.556 836.125 0.9302 0.2563 -0.061 0.984 -0.169
-71.8391 -196.356 831.286 0.9336 0.2646 -0.067 0.984 -0.164
-76.7897 -195.935 836.221 0.9224 0.2588 -0.075 0.984 -0.149
-71.9218 -192.43 861.818 0.916 0.2117 -0.075 0.992 -0.121
-76.4663 -192.809 861.914 0.9082 0.2141 -0.069 0.984 -0.154
-71.4928 -191.762 866.511 0.9141 0.2032 -0.079 0.992 -0.127
-71.8391 -196.356 831.286 0.9336 0.2646 -0.067 0.984 -0.164
-72.2452 -195.556 836.125 0.9302 0.2563 -0.061 0.984 -0.169
-65.943 -195.717 833.288 0.9424 0.2578 -0.043 0.984 -0.172
-71.4928 -191.762 866.511 0.9141 0.2032 -0.079 0.992 -0.127
-65.6376 -191.677 864.265 0.9253 0.2037 -0.057 0.992 -0.095
-71.9218 -192.43 861.818 0.916 0.2117 -0.075 0.992 -0.121
-67.9553 -195.011 837.585 0.9365 0.2515 -0.039 0.984 -0.165
-65.943 -195.717 833.288 0.9424 0.2578 -0.043 0.984 -0.172
-72.2452 -195.556 836.125 0.9302 0.2563 -0.061 0.984 -0.169
-71.9218 -192.43 861.818 0.916 0.2117 -0.075 0.992 -0.121
-65.6376 -191.677 864.265 0.9253 0.2037 -0.057 0.992 -0.095
-68.2402 -192.262 859.366 0.9238 0.2137 -0.057 0.992 -0.095
-65.943 -195.717 833.288 0.9424 0.2578 -0.043 0.984 -0.172
-67.9553 -195.011 837.585 0.9365 0.2515 -0.039 0.984 -0.165
-61.4503 -194.874 837.411 0.9463 0.2476 -0.021 0.984 -0.168
-65.6376 -191.677 864.265 0.9253 0.2037 -0.057 0.992 -0.095
-60.8864 -191.902 860.174 0.936 0.2081 -0.028 0.992 -0.095
-68.2402 -192.262 859.366 0.9238 0.2137 -0.057 0.992 -0.095
-65.6885 -194.367 841.294 0.9385 0.2437 -0.021 0.984 -0.168
-61.4503 -194.874 837.411 0.9463 0.2476 -0.021 0.984 -0.168
-67.9553 -195.011 837.585 0.9365 0.2515 -0.039 0.984 -0.165
-60.8864 -191.902 860.174 0.936 0.2081 -0.028 0.992 -0.095
-64.7955 -192.326 856.38 0.9312 0.2169 -0.028 0.992 -0.095
-68.2402 -192.262 859.366 0.9238 0.2137 -0.057 0.992 -0.095
-62.1157 -193.7 844.299 0.9429 0.2363 -0.006 0.984 -0.159
-61.4503 -194.874 837.411 0.9463 0.2476 -0.021 0.984 -0.168
-65.6885 -194.367 841.294 0.9385 0.2437 -0.021 0.984 -0.168
-64.7955 -192.326 856.38 0.9312 0.2169 -0.028 0.992 -0.095
-60.8864 -191.902 860.174 0.936 0.2081 -0.028 0.992 -0.095
-62.0034 -192.614 853.222 0.938 0.2208 -0.005 0.992 -0.103
-57.9334 -194.007 842.495 0.9512 0.2372 -0.006 0.984 -0.159
-61.4503 -194.874 837.411 0.9463 0.2476 -0.021 0.984 -0.168
-62.1157 -193.7 844.299 0.9429 0.2363 -0.006 0.984 -0.159
-57.8124 -192.411 854.729 0.9443 0.2158 -0.005 0.992 -0.103
-62.0034 -192.614 853.222 0.938 0.2208 -0.005 0.992 -0.103
-60.8864 -191.902 860.174 0.936 0.2081 -0.028 0.992 -0.095
-57.9334 -194.007 842.495 0.9512 0.2372 -0.006 0.984 -0.159
-62.1157 -193.7 844.299 0.9429 0.2363 -0.006 0.984 -0.159
-56.7868 -193.142 848.589 0.9497 0.226 0.006 0.992 -0.129
-62.0034 -192.614 853.222 0.938 0.2208 -0.005 0.992 -0.103
-57.8124 -192.411 854.729 0.9443 0.2158 -0.005 0.992 -0.103
-61.2704 -193.091 848.744 0.9419 0.2281 0.006 0.992 -0.129
-61.2704 -193.091 848.744 0.9419 0.2281 0.006 0.992 -0.129
-56.7868 -193.142 848.589 0.9497 0.226 0.006 0.992 -0.129
-62.1157 -193.7 844.299 0.9429 0.2363 -0.006 0.984 -0.159
-56.7868 -193.142 848.589 0.9497 0.226 0.006 0.992 -0.129
-61.2704 -193.091 848.744 0.9419 0.2281 0.006 0.992 -0.129
-57.8124 -192.411 854.729 0.9443 0.2158 -0.005 0.992 -0.103
