Vertex Count: 1224

Data:

-107.594 76.0019 1042.26 0.4929 0.1919 0.413 -0.906 -0.108
-107.594 82.4549 1042.26 0.4927 0.179 0.373 0.921 -0.102
-96.3605 82.4549 1048.93 0.5146 0.1935 0.581 0.622 -0.522
19.3782 76.5478 879.687 0.023 0.5571 0.744 0.575 0.341
15.2852 76.6443 869.408 0.023 0.5347 0.313 0.591 -0.751
-304.72 76.6443 996.804 0.7021 0.5347 -0.807 0.512 -0.284
-300.398 60.0486 994.803 0.7021 0.501 -0.668 -0.638 -0.385
-304.72 76.6443 996.804 0.7021 0.5347 -0.807 0.512 -0.284
15.2852 76.6443 869.408 0.023 0.5347 0.313 0.591 -0.751
15.2852 76.6443 869.408 0.023 0.5347 0.313 0.591 -0.751
15.2316 60.0486 869.273 0.023 0.501 0.311 -0.575 -0.758
-300.398 60.0486 994.803 0.7021 0.501 -0.668 -0.638 -0.385
-300.398 60.0486 994.803 0.7021 0.501 -0.668 -0.638 -0.385
15.2316 60.0486 869.273 0.023 0.501 0.311 -0.575 -0.758
19.3246 59.952 879.552 0.023 0.4788 0.739 -0.591 0.326
19.3246 59.952 879.552 0.023 0.4788 0.739 -0.591 0.326
-296.305 59.952 1005.08 0.7021 0.4788 -0.222 -0.654 0.726
-300.398 60.0486 994.803 0.7021 0.501 -0.668 -0.638 -0.385
-304.72 76.6443 996.804 0.7246 0.4451 -0.807 0.512 -0.284
-300.398 60.0486 994.803 0.7246 0.4788 -0.668 -0.638 -0.385
-296.305 59.952 1005.08 0.7021 0.4788 -0.222 -0.654 0.726
-296.305 59.952 1005.08 0.7021 0.4788 -0.222 -0.654 0.726
-300.628 76.5478 1007.08 0.7021 0.4451 -0.387 0.496 0.778
-304.72 76.6443 996.804 0.7246 0.4451 -0.807 0.512 -0.284
-300.628 76.5478 1007.08 0.7021 0.4451 -0.387 0.496 0.778
-296.305 59.952 1005.08 0.7021 0.4788 -0.222 -0.654 0.726
19.3246 59.952 879.552 0.023 0.4788 0.739 -0.591 0.326
19.3246 59.952 879.552 0.023 0.4788 0.739 -0.591 0.326
19.3782 76.5478 879.687 0.023 0.4451 0.744 0.575 0.341
-300.628 76.5478 1007.08 0.7021 0.4451 -0.387 0.496 0.778
19.3782 76.5478 879.687 0.023 0.4451 0.744 0.575 0.341
19.3246 59.952 879.552 0.023 0.4788 0.739 -0.591 0.326
15.2316 60.0486 869.273 0.0005 0.4788 0.311 -0.575 -0.758
15.2316 60.0486 869.273 0.0005 0.4788 0.311 -0.575 -0.758
15.2852 76.6443 869.408 0.0005 0.4451 0.313 0.591 -0.751
19.3782 76.5478 879.687 0.023 0.4451 0.744 0.575 0.341
74.8777 76.5952 1008.57 0.7129 0.2124 0.508 0.811 -0.285
76.9043 76.6443 1010.71 0.7246 0.2124 0.74 0.614 0.284
79.2999 60.8585 1010.33 0.7246 0.2461 0.832 -0.488 0.259
79.2999 60.8585 1010.33 0.7246 0.2461 0.832 -0.488 0.259
77.2761 60.5959 1008.2 0.7129 0.2461 0.631 -0.74 -0.246
74.8777 76.5952 1008.57 0.7129 0.2124 0.508 0.811 -0.285
73.2397 76.5478 1002 0.7021 0.2124 0.377 0.614 -0.69
74.8777 76.5952 1008.57 0.7129 0.2124 0.508 0.811 -0.285
77.2761 60.5959 1008.2 0.7129 0.2461 0.631 -0.74 -0.246
77.2761 60.5959 1008.2 0.7129 0.2461 0.631 -0.74 -0.246
75.6452 59.8222 1001.67 0.7021 0.2461 0.465 -0.591 -0.655
73.2397 76.5478 1002 0.7021 0.2124 0.377 0.614 -0.69
-142.073 76.5478 1045.26 0.2634 0.2124 -0.146 0.701 -0.701
73.2397 76.5478 1002 0.7021 0.2124 0.377 0.614 -0.69
75.6452 59.8222 1001.67 0.7021 0.2461 0.465 -0.591 -0.655
75.6452 59.8222 1001.67 0.7021 0.2461 0.465 -0.591 -0.655
-142.038 59.8222 1045.43 0.2634 0.2461 -0.137 -0.748 -0.654
-142.073 76.5478 1045.26 0.2634 0.2124 -0.146 0.701 -0.701
-243.792 76.5478 1066.97 0.058 0.2124 -0.091 0.724 -0.687
-142.073 76.5478 1045.26 0.2634 0.2124 -0.146 0.701 -0.701
-142.038 59.8222 1045.43 0.2634 0.2461 -0.137 -0.748 -0.654
-142.038 59.8222 1045.43 0.2634 0.2461 -0.137 -0.748 -0.654
75.6452 59.8222 1001.67 0.7021 0.2461 0.465 -0.591 -0.655
77.2761 60.5959 1008.2 0.7021 0.2571 0.631 -0.74 -0.246
-142.038 59.8222 1045.43 0.2634 0.2461 -0.137 -0.748 -0.654
-243.757 59.8222 1067.13 0.058 0.2461 -0.09 -0.764 -0.638
-243.792 76.5478 1066.97 0.058 0.2124 -0.091 0.724 -0.687
-255.589 76.3986 1067.49 0.023 0.2124 -0.59 0.606 -0.539
-243.792 76.5478 1066.97 0.058 0.2124 -0.091 0.724 -0.687
-243.757 59.8222 1067.13 0.058 0.2461 -0.09 -0.764 -0.638
77.2761 60.5959 1008.2 0.7021 0.2571 0.631 -0.74 -0.246
-140.74 60.4251 1051.16 0.2634 0.2571 0.018 -0.992 0.094
-142.038 59.8222 1045.43 0.2634 0.2461 -0.137 -0.748 -0.654
-243.757 59.8222 1067.13 0.058 0.2461 -0.09 -0.764 -0.638
-142.038 59.8222 1045.43 0.2634 0.2461 -0.137 -0.748 -0.654
-140.74 60.4251 1051.16 0.2634 0.2571 0.018 -0.992 0.094
-243.757 59.8222 1067.13 0.058 0.2461 -0.09 -0.764 -0.638
-258.684 59.9818 1068.31 0.023 0.2461 -0.7 -0.551 -0.449
-255.589 76.3986 1067.49 0.023 0.2124 -0.59 0.606 -0.539
-254.46 76.4452 1072.81 0.0119 0.2124 -0.617 0.78 0.124
-255.589 76.3986 1067.49 0.023 0.2124 -0.59 0.606 -0.539
-258.684 59.9818 1068.31 0.023 0.2461 -0.7 -0.551 -0.449
-258.684 59.9818 1068.31 0.023 0.2461 -0.7 -0.551 -0.449
-257.474 60.4816 1073.59 0.0119 0.2461 -0.739 -0.638 0.227
-254.46 76.4452 1072.81 0.0119 0.2124 -0.617 0.78 0.124
-253.293 76.4934 1078.31 0.0005 0.2124 -0.431 0.646 0.635
-254.46 76.4452 1072.81 0.0119 0.2124 -0.617 0.78 0.124
-257.474 60.4816 1073.59 0.0119 0.2461 -0.739 -0.638 0.227
-257.474 60.4816 1073.59 0.0119 0.2461 -0.739 -0.638 0.227
-256.222 60.9989 1079.05 0.0005 0.2461 -0.529 -0.504 0.687
-253.293 76.4934 1078.31 0.0005 0.2124 -0.431 0.646 0.635
-257.474 60.4816 1073.59 0.023 0.2571 -0.739 -0.638 0.227
-258.684 59.9818 1068.31 0.023 0.2461 -0.7 -0.551 -0.449
-243.757 59.8222 1067.13 0.058 0.2461 -0.09 -0.764 -0.638
-243.757 59.8222 1067.13 0.058 0.2461 -0.09 -0.764 -0.638
-242.615 60.3451 1072.49 0.058 0.2571 0.01 -0.992 0.097
-257.474 60.4816 1073.59 0.023 0.2571 -0.739 -0.638 0.227
-140.74 60.4251 1051.16 0.2634 0.2571 0.018 -0.992 0.094
-242.615 60.3451 1072.49 0.058 0.2571 0.01 -0.992 0.097
-243.757 59.8222 1067.13 0.058 0.2461 -0.09 -0.764 -0.638
-256.222 60.9989 1079.05 0.023 0.2686 -0.529 -0.504 0.687
-257.474 60.4816 1073.59 0.023 0.2571 -0.739 -0.638 0.227
-242.615 60.3451 1072.49 0.058 0.2571 0.01 -0.992 0.097
-241.417 60.8585 1077.8 0.058 0.2686 0.113 -0.661 0.747
-242.615 60.3451 1072.49 0.058 0.2571 0.01 -0.992 0.097
-140.74 60.4251 1051.16 0.2634 0.2571 0.018 -0.992 0.094
-242.615 60.3451 1072.49 0.058 0.2571 0.01 -0.992 0.097
-241.417 60.8585 1077.8 0.058 0.2686 0.113 -0.661 0.747
-256.222 60.9989 1079.05 0.023 0.2686 -0.529 -0.504 0.687
-139.279 60.8585 1055.46 0.2634 0.2686 0.154 -0.669 0.723
-140.74 60.4251 1051.16 0.2634 0.2571 0.018 -0.992 0.094
77.2761 60.5959 1008.2 0.7021 0.2571 0.631 -0.74 -0.246
-140.74 60.4251 1051.16 0.2634 0.2571 0.018 -0.992 0.094
-139.279 60.8585 1055.46 0.2634 0.2686 0.154 -0.669 0.723
-241.417 60.8585 1077.8 0.058 0.2686 0.113 -0.661 0.747
77.2761 60.5959 1008.2 0.7021 0.2571 0.631 -0.74 -0.246
79.2999 60.8585 1010.33 0.7021 0.2686 0.832 -0.488 0.259
-139.279 60.8585 1055.46 0.2634 0.2686 0.154 -0.669 0.723
-139.279 60.8585 1055.46 0.2634 0.2686 0.154 -0.669 0.723
79.2999 60.8585 1010.33 0.7021 0.2686 0.832 -0.488 0.259
76.9043 76.6443 1010.71 0.7021 0.3022 0.74 0.614 0.284
-256.222 60.9989 1079.05 0.023 0.2686 -0.529 -0.504 0.687
-241.417 60.8585 1077.8 0.058 0.2686 0.113 -0.661 0.747
-241.443 76.6443 1077.68 0.058 0.3022 0.099 0.701 0.71
-241.443 76.6443 1077.68 0.058 0.3022 0.099 0.701 0.71
-253.293 76.4934 1078.31 0.023 0.3022 -0.431 0.646 0.635
-256.222 60.9989 1079.05 0.023 0.2686 -0.529 -0.504 0.687
-241.417 60.8585 1077.8 0.058 0.2686 0.113 -0.661 0.747
-139.279 60.8585 1055.46 0.2634 0.2686 0.154 -0.669 0.723
-139.304 76.6443 1055.34 0.2634 0.3022 0.148 0.717 0.683
76.9043 76.6443 1010.71 0.7021 0.3022 0.74 0.614 0.284
-139.304 76.6443 1055.34 0.2634 0.3022 0.148 0.717 0.683
-139.279 60.8585 1055.46 0.2634 0.2686 0.154 -0.669 0.723
-139.304 76.6443 1055.34 0.2634 0.3022 0.148 0.717 0.683
-241.443 76.6443 1077.68 0.058 0.3022 0.099 0.701 0.71
-241.417 60.8585 1077.8 0.058 0.2686 0.113 -0.661 0.747
-139.304 76.6443 1055.34 0.2634 0.3022 0.148 0.717 0.683
76.9043 76.6443 1010.71 0.7021 0.3022 0.74 0.614 0.284
74.8777 76.5952 1008.57 0.7021 0.3137 0.508 0.811 -0.285
74.8777 76.5952 1008.57 0.7021 0.3137 0.508 0.811 -0.285
-140.77 76.5952 1051.02 0.2634 0.3137 -0.003 1 -0.007
-139.304 76.6443 1055.34 0.2634 0.3022 0.148 0.717 0.683
-241.443 76.6443 1077.68 0.058 0.3022 0.099 0.701 0.71
-139.304 76.6443 1055.34 0.2634 0.3022 0.148 0.717 0.683
-140.77 76.5952 1051.02 0.2634 0.3137 -0.003 1 -0.007
-140.77 76.5952 1051.02 0.2634 0.3137 -0.003 1 -0.007
74.8777 76.5952 1008.57 0.7021 0.3137 0.508 0.811 -0.285
73.2397 76.5478 1002 0.7021 0.3247 0.377 0.614 -0.69
73.2397 76.5478 1002 0.7021 0.3247 0.377 0.614 -0.69
-142.073 76.5478 1045.26 0.2634 0.3247 -0.146 0.701 -0.701
-140.77 76.5952 1051.02 0.2634 0.3137 -0.003 1 -0.007
-140.77 76.5952 1051.02 0.2634 0.3137 -0.003 1 -0.007
-242.646 76.5952 1072.35 0.058 0.3137 -0.01 1 -0.005
-241.443 76.6443 1077.68 0.058 0.3022 0.099 0.701 0.71
-242.646 76.5952 1072.35 0.058 0.3137 -0.01 1 -0.005
-140.77 76.5952 1051.02 0.2634 0.3137 -0.003 1 -0.007
-142.073 76.5478 1045.26 0.2634 0.3247 -0.146 0.701 -0.701
-253.293 76.4934 1078.31 0.023 0.3022 -0.431 0.646 0.635
-241.443 76.6443 1077.68 0.058 0.3022 0.099 0.701 0.71
-242.646 76.5952 1072.35 0.058 0.3137 -0.01 1 -0.005
-142.073 76.5478 1045.26 0.2634 0.3247 -0.146 0.701 -0.701
-243.792 76.5478 1066.97 0.058 0.3247 -0.091 0.724 -0.687
-242.646 76.5952 1072.35 0.058 0.3137 -0.01 1 -0.005
-242.646 76.5952 1072.35 0.058 0.3137 -0.01 1 -0.005
-254.46 76.4452 1072.81 0.023 0.3137 -0.617 0.78 0.124
-253.293 76.4934 1078.31 0.023 0.3022 -0.431 0.646 0.635
-254.46 76.4452 1072.81 0.023 0.3137 -0.617 0.78 0.124
-242.646 76.5952 1072.35 0.058 0.3137 -0.01 1 -0.005
-243.792 76.5478 1066.97 0.058 0.3247 -0.091 0.724 -0.687
-243.792 76.5478 1066.97 0.058 0.3247 -0.091 0.724 -0.687
-255.589 76.3986 1067.49 0.023 0.3247 -0.59 0.606 -0.539
-254.46 76.4452 1072.81 0.023 0.3137 -0.617 0.78 0.124
125.042 76.6443 1121.62 0.7021 0.5347 0.815 0.512 0.282
120.892 76.5478 1111.37 0.7021 0.5571 0.38 0.496 -0.775
-198.4 76.5478 1240.54 0.023 0.5571 -0.741 0.575 -0.333
-198.4 76.5478 1240.54 0.023 0.5571 -0.741 0.575 -0.333
-194.25 76.6443 1250.8 0.023 0.5347 -0.306 0.591 0.748
125.042 76.6443 1121.62 0.7021 0.5347 0.815 0.512 0.282
120.73 60.0486 1123.65 0.7021 0.501 0.668 -0.638 0.385
125.042 76.6443 1121.62 0.7021 0.5347 0.815 0.512 0.282
-194.25 76.6443 1250.8 0.023 0.5347 -0.306 0.591 0.748
-194.25 76.6443 1250.8 0.023 0.5347 -0.306 0.591 0.748
-194.195 60.0486 1250.93 0.023 0.501 -0.303 -0.575 0.756
120.73 60.0486 1123.65 0.7021 0.501 0.668 -0.638 0.385
120.73 60.0486 1123.65 0.7021 0.501 0.668 -0.638 0.385
-194.195 60.0486 1250.93 0.023 0.501 -0.303 -0.575 0.756
-198.345 59.952 1240.67 0.023 0.4788 -0.739 -0.591 -0.326
-198.345 59.952 1240.67 0.023 0.4788 -0.739 -0.591 -0.326
116.58 59.952 1113.39 0.7021 0.4788 0.222 -0.654 -0.726
120.73 60.0486 1123.65 0.7021 0.501 0.668 -0.638 0.385
125.042 76.6443 1121.62 0.7246 0.4451 0.815 0.512 0.282
120.73 60.0486 1123.65 0.7246 0.4788 0.668 -0.638 0.385
116.58 59.952 1113.39 0.7021 0.4788 0.222 -0.654 -0.726
116.58 59.952 1113.39 0.7021 0.4788 0.222 -0.654 -0.726
120.892 76.5478 1111.37 0.7021 0.4451 0.38 0.496 -0.775
125.042 76.6443 1121.62 0.7246 0.4451 0.815 0.512 0.282
120.892 76.5478 1111.37 0.7021 0.4451 0.38 0.496 -0.775
116.58 59.952 1113.39 0.7021 0.4788 0.222 -0.654 -0.726
-198.345 59.952 1240.67 0.023 0.4788 -0.739 -0.591 -0.326
-198.345 59.952 1240.67 0.023 0.4788 -0.739 -0.591 -0.326
-198.4 76.5478 1240.54 0.023 0.4451 -0.741 0.575 -0.333
120.892 76.5478 1111.37 0.7021 0.4451 0.38 0.496 -0.775
-198.4 76.5478 1240.54 0.023 0.4451 -0.741 0.575 -0.333
-198.345 59.952 1240.67 0.023 0.4788 -0.739 -0.591 -0.326
-194.195 60.0486 1250.93 0.0005 0.4788 -0.303 -0.575 0.756
-194.195 60.0486 1250.93 0.0005 0.4788 -0.303 -0.575 0.756
-194.25 76.6443 1250.8 0.0005 0.4451 -0.306 0.591 0.748
-198.4 76.5478 1240.54 0.023 0.4451 -0.741 0.575 -0.333
-61.8942 81.7121 1055.46 0.7168 0.5576 -0.934 0.016 -0.356
-62.0097 75.8364 1055.51 0.7173 0.5444 -0.939 0.016 -0.346
-64.3157 75.8737 1058.03 0.7246 0.5444 -0.364 0 -0.932
-64.3157 75.8737 1058.03 0.7246 0.5444 -0.364 0 -0.932
-64.1973 81.8957 1057.98 0.7246 0.5576 -0.357 0 -0.934
-61.8942 81.7121 1055.46 0.7168 0.5576 -0.934 0.016 -0.356
-64.1973 81.8957 1057.98 0.7246 0.5576 -0.357 0 -0.934
-64.3157 75.8737 1058.03 0.7246 0.5444 -0.364 0 -0.932
-67.7005 75.8686 1057.75 0.7314 0.5444 0.477 -0.008 -0.877
-67.7005 75.8686 1057.75 0.7314 0.5444 0.477 -0.008 -0.877
-67.5792 82.0412 1057.7 0.7314 0.5581 0.467 -0.016 -0.882
-64.1973 81.8957 1057.98 0.7246 0.5576 -0.357 0 -0.934
-70.1872 82.0633 1054.44 0.7407 0.5581 0.945 -0.008 -0.327
-67.5792 82.0412 1057.7 0.7314 0.5581 0.467 -0.016 -0.882
-67.7005 75.8686 1057.75 0.7314 0.5444 0.477 -0.008 -0.877
-67.7005 75.8686 1057.75 0.7314 0.5444 0.477 -0.008 -0.877
-70.1867 75.824 1054.44 0.7407 0.5444 0.945 -0.008 -0.327
-70.1872 82.0633 1054.44 0.7407 0.5581 0.945 -0.008 -0.327
-70.1836 81.9491 1050.95 0.748 0.5576 0.934 -0.008 0.356
-70.1872 82.0633 1054.44 0.7407 0.5581 0.945 -0.008 -0.327
-70.1867 75.824 1054.44 0.7407 0.5444 0.945 -0.008 -0.327
-70.1867 75.824 1054.44 0.7407 0.5444 0.945 -0.008 -0.327
-70.3051 75.766 1051 0.748 0.5439 0.941 -0.016 0.353
-70.1836 81.9491 1050.95 0.748 0.5576 0.934 -0.008 0.356
-67.8805 81.7655 1048.43 0.7554 0.5576 0.372 0 0.929
-70.1836 81.9491 1050.95 0.748 0.5576 0.934 -0.008 0.356
-70.3051 75.766 1051 0.748 0.5439 0.941 -0.016 0.353
-70.3051 75.766 1051 0.748 0.5439 0.941 -0.016 0.353
-67.9991 75.7287 1048.48 0.7554 0.5439 0.372 0 0.929
-67.8805 81.7655 1048.43 0.7554 0.5576 0.372 0 0.929
-64.4986 81.6201 1048.71 0.7622 0.5571 -0.444 0.016 0.899
-67.8805 81.7655 1048.43 0.7554 0.5576 0.372 0 0.929
-67.9991 75.7287 1048.48 0.7554 0.5439 0.372 0 0.929
-67.9991 75.7287 1048.48 0.7554 0.5439 0.372 0 0.929
-64.6143 75.7339 1048.76 0.7622 0.5444 -0.444 0.016 0.899
-64.4986 81.6201 1048.71 0.7622 0.5571 -0.444 0.016 0.899
-64.4986 81.6201 1048.71 0.7622 0.5571 -0.444 0.016 0.899
-64.6143 75.7339 1048.76 0.7622 0.5444 -0.444 0.016 0.899
-62.1848 75.7785 1051.53 0.7705 0.5444 -0.926 0.024 0.379
-62.1848 75.7785 1051.53 0.7705 0.5444 -0.926 0.024 0.379
-62.0693 81.5979 1051.48 0.7705 0.5571 -0.929 0.024 0.372
-64.4986 81.6201 1048.71 0.7622 0.5571 -0.444 0.016 0.899
-62.0693 81.5979 1051.48 0.7705 0.5571 -0.929 0.024 0.372
-62.1848 75.7785 1051.53 0.7705 0.5444 -0.926 0.024 0.379
-62.0097 75.8364 1055.51 0.7793 0.5444 -0.939 0.016 -0.346
-62.0097 75.8364 1055.51 0.7793 0.5444 -0.939 0.016 -0.346
-61.8942 81.7121 1055.46 0.7793 0.5576 -0.934 0.016 -0.356
-62.0693 81.5979 1051.48 0.7705 0.5571 -0.929 0.024 0.372
-242.377 60.0486 1171.15 0.0005 0.3623 -0.418 -0.488 0.764
-237.763 74.9595 1169.15 0.0005 0.3286 -0.231 0.63 0.746
-242.178 76.5478 1156.77 0.023 0.3286 -0.621 0.677 -0.394
-242.178 76.5478 1156.77 0.023 0.3286 -0.621 0.677 -0.394
-246.874 59.952 1158.53 0.023 0.3623 -0.799 -0.504 -0.329
-242.377 60.0486 1171.15 0.0005 0.3623 -0.418 -0.488 0.764
-147.47 59.952 1126.76 0.2181 0.3696 -0.237 -0.724 -0.651
-246.874 59.952 1158.53 0.023 0.3623 -0.799 -0.504 -0.329
-242.178 76.5478 1156.77 0.023 0.3286 -0.621 0.677 -0.394
-242.178 76.5478 1156.77 0.023 0.3286 -0.621 0.677 -0.394
-147.519 76.5478 1126.63 0.2183 0.3286 -0.232 0.732 -0.636
-147.47 59.952 1126.76 0.2181 0.3696 -0.237 -0.724 -0.651
-242.377 60.0486 1171.15 0.0229 0.385 -0.418 -0.488 0.764
-246.874 59.952 1158.53 0.023 0.3623 -0.799 -0.504 -0.329
-147.47 59.952 1126.76 0.2181 0.3696 -0.237 -0.724 -0.651
-7.7829 59.952 1068.89 0.5146 0.3623 -0.242 -0.701 -0.666
-147.47 59.952 1126.76 0.2181 0.3696 -0.237 -0.724 -0.651
-147.519 76.5478 1126.63 0.2183 0.3286 -0.232 0.732 -0.636
-147.519 76.5478 1126.63 0.2183 0.3286 -0.232 0.732 -0.636
-7.8319 76.5478 1068.75 0.5146 0.3286 -0.24 0.709 -0.659
-7.7829 59.952 1068.89 0.5146 0.3623 -0.242 -0.701 -0.666
-147.47 59.952 1126.76 0.2181 0.3696 -0.237 -0.724 -0.651
-151.005 60.0486 1139.68 0.203 0.385 0.404 -0.646 0.649
-242.377 60.0486 1171.15 0.0229 0.385 -0.418 -0.488 0.764
75.2918 59.952 1042.37 0.6772 0.3623 -0.279 -0.724 -0.628
-7.7829 59.952 1068.89 0.5146 0.3623 -0.242 -0.701 -0.666
-7.8319 76.5478 1068.75 0.5146 0.3286 -0.24 0.709 -0.659
-7.8319 76.5478 1068.75 0.5146 0.3286 -0.24 0.709 -0.659
75.2428 76.5478 1042.24 0.6772 0.3286 -0.226 0.748 -0.622
75.2918 59.952 1042.37 0.6772 0.3623 -0.279 -0.724 -0.628
-242.377 60.0486 1171.15 0.0229 0.385 -0.418 -0.488 0.764
-151.005 60.0486 1139.68 0.203 0.385 0.404 -0.646 0.649
-151.136 76.0693 1139.31 0.203 0.4187 0.394 0.654 0.644
-151.136 76.0693 1139.31 0.203 0.4187 0.394 0.654 0.644
-237.763 74.9595 1169.15 0.0229 0.4187 -0.231 0.63 0.746
-242.377 60.0486 1171.15 0.0229 0.385 -0.418 -0.488 0.764
86.7133 59.44 1036.51 0.7021 0.3623 0.296 -0.591 -0.753
75.2918 59.952 1042.37 0.6772 0.3623 -0.279 -0.724 -0.628
75.2428 76.5478 1042.24 0.6772 0.3286 -0.226 0.748 -0.622
75.2428 76.5478 1042.24 0.6772 0.3286 -0.226 0.748 -0.622
86.6564 75.5754 1036.36 0.7021 0.3286 0.315 0.559 -0.768
86.7133 59.44 1036.51 0.7021 0.3623 0.296 -0.591 -0.753
86.7133 59.44 1036.51 0.7021 0.3623 0.296 -0.591 -0.753
86.6564 75.5754 1036.36 0.7021 0.3286 0.315 0.559 -0.768
90.4123 75.0474 1048.18 0.7246 0.3286 0.762 0.551 0.343
90.4123 75.0474 1048.18 0.7246 0.3286 0.762 0.551 0.343
90.5648 59.5466 1048.62 0.7246 0.3623 0.725 -0.591 0.356
86.7133 59.44 1036.51 0.7021 0.3623 0.296 -0.591 -0.753
79.2851 60.0486 1053.52 0.6772 0.385 0.243 -0.677 0.691
75.2918 59.952 1042.37 0.6772 0.3623 -0.279 -0.724 -0.628
86.7133 59.44 1036.51 0.7021 0.3623 0.296 -0.591 -0.753
86.7133 59.44 1036.51 0.7021 0.3623 0.296 -0.591 -0.753
90.5648 59.5466 1048.62 0.7021 0.385 0.725 -0.591 0.356
79.2851 60.0486 1053.52 0.6772 0.385 0.243 -0.677 0.691
79.2851 60.0486 1053.52 0.6772 0.385 0.243 -0.677 0.691
90.5648 59.5466 1048.62 0.7021 0.385 0.725 -0.591 0.356
90.4123 75.0474 1048.18 0.7021 0.4187 0.762 0.551 0.343
75.2918 59.952 1042.37 0.6772 0.3623 -0.279 -0.724 -0.628
79.2851 60.0486 1053.52 0.6772 0.385 0.243 -0.677 0.691
-4.0408 60.0486 1079.3 0.5146 0.385 0.242 -0.709 0.666
-4.0408 60.0486 1079.3 0.5146 0.385 0.242 -0.709 0.666
-7.7829 59.952 1068.89 0.5146 0.3623 -0.242 -0.701 -0.666
75.2918 59.952 1042.37 0.6772 0.3623 -0.279 -0.724 -0.628
-147.47 59.952 1126.76 0.2181 0.3696 -0.237 -0.724 -0.651
-7.7829 59.952 1068.89 0.5146 0.3623 -0.242 -0.701 -0.666
-4.0408 60.0486 1079.3 0.5146 0.385 0.242 -0.709 0.666
90.4123 75.0474 1048.18 0.7021 0.4187 0.762 0.551 0.343
79.1541 76.0693 1053.14 0.6772 0.4187 0.275 0.701 0.663
79.2851 60.0486 1053.52 0.6772 0.385 0.243 -0.677 0.691
-4.0408 60.0486 1079.3 0.5146 0.385 0.242 -0.709 0.666
79.2851 60.0486 1053.52 0.6772 0.385 0.243 -0.677 0.691
79.1541 76.0693 1053.14 0.6772 0.4187 0.275 0.701 0.663
79.1541 76.0693 1053.14 0.6772 0.4187 0.275 0.701 0.663
90.4123 75.0474 1048.18 0.7021 0.4187 0.762 0.551 0.343
86.6564 75.5754 1036.36 0.7021 0.4412 0.315 0.559 -0.768
86.6564 75.5754 1036.36 0.7021 0.4412 0.315 0.559 -0.768
75.2428 76.5478 1042.24 0.6772 0.4412 -0.226 0.748 -0.622
79.1541 76.0693 1053.14 0.6772 0.4187 0.275 0.701 0.663
-4.1718 76.0693 1078.93 0.5146 0.4187 0.24 0.709 0.659
79.1541 76.0693 1053.14 0.6772 0.4187 0.275 0.701 0.663
75.2428 76.5478 1042.24 0.6772 0.4412 -0.226 0.748 -0.622
79.1541 76.0693 1053.14 0.6772 0.4187 0.275 0.701 0.663
-4.1718 76.0693 1078.93 0.5146 0.4187 0.24 0.709 0.659
-4.0408 60.0486 1079.3 0.5146 0.385 0.242 -0.709 0.666
75.2428 76.5478 1042.24 0.6772 0.4412 -0.226 0.748 -0.622
-7.8319 76.5478 1068.75 0.5146 0.4412 -0.24 0.709 -0.659
-4.1718 76.0693 1078.93 0.5146 0.4187 0.24 0.709 0.659
-4.1718 76.0693 1078.93 0.5146 0.4187 0.24 0.709 0.659
-7.8319 76.5478 1068.75 0.5146 0.4412 -0.24 0.709 -0.659
-147.519 76.5478 1126.63 0.2183 0.4412 -0.232 0.732 -0.636
-147.519 76.5478 1126.63 0.2183 0.4412 -0.232 0.732 -0.636
-242.178 76.5478 1156.77 0.023 0.4412 -0.621 0.677 -0.394
-237.763 74.9595 1169.15 0.0229 0.4187 -0.231 0.63 0.746
-237.763 74.9595 1169.15 0.0229 0.4187 -0.231 0.63 0.746
-151.136 76.0693 1139.31 0.203 0.4187 0.394 0.654 0.644
-147.519 76.5478 1126.63 0.2183 0.4412 -0.232 0.732 -0.636
-140.181 60.0486 1135.45 0.2333 0.385 0.024 -0.622 0.779
-4.0408 60.0486 1079.3 0.5146 0.385 0.242 -0.709 0.666
-4.1718 76.0693 1078.93 0.5146 0.4187 0.24 0.709 0.659
-4.0408 60.0486 1079.3 0.5146 0.385 0.242 -0.709 0.666
-140.181 60.0486 1135.45 0.2333 0.385 0.024 -0.622 0.779
-147.47 59.952 1126.76 0.2181 0.3696 -0.237 -0.724 -0.651
-147.519 76.5478 1126.63 0.2183 0.4412 -0.232 0.732 -0.636
-140.312 76.0693 1135.07 0.2333 0.4187 0.024 0.63 0.779
-4.1718 76.0693 1078.93 0.5146 0.4187 0.24 0.709 0.659
-4.1718 76.0693 1078.93 0.5146 0.4187 0.24 0.709 0.659
-140.312 76.0693 1135.07 0.2333 0.4187 0.024 0.63 0.779
-140.181 60.0486 1135.45 0.2333 0.385 0.024 -0.622 0.779
-147.519 76.5478 1126.63 0.2183 0.4412 -0.232 0.732 -0.636
-145.165 76.0374 1133.38 0.2181 0.4187 0.117 0.827 0.552
-140.312 76.0693 1135.07 0.2333 0.4187 0.024 0.63 0.779
-140.181 60.0486 1135.45 0.2333 0.385 0.024 -0.622 0.779
-140.312 76.0693 1135.07 0.2333 0.4187 0.024 0.63 0.779
-145.165 76.0374 1133.38 0.2181 0.4187 0.117 0.827 0.552
-151.136 76.0693 1139.31 0.203 0.4187 0.394 0.654 0.644
-145.165 76.0374 1133.38 0.2181 0.4187 0.117 0.827 0.552
-147.519 76.5478 1126.63 0.2183 0.4412 -0.232 0.732 -0.636
-140.181 60.0486 1135.45 0.2333 0.385 0.024 -0.622 0.779
-145.034 60.0166 1133.75 0.2181 0.385 0.124 -0.843 0.525
-147.47 59.952 1126.76 0.2181 0.3696 -0.237 -0.724 -0.651
-145.165 76.0374 1133.38 0.2181 0.4187 0.117 0.827 0.552
-145.034 60.0166 1133.75 0.2181 0.385 0.124 -0.843 0.525
-140.181 60.0486 1135.45 0.2333 0.385 0.024 -0.622 0.779
-145.034 60.0166 1133.75 0.2181 0.385 0.124 -0.843 0.525
-145.165 76.0374 1133.38 0.2181 0.4187 0.117 0.827 0.552
-151.136 76.0693 1139.31 0.203 0.4187 0.394 0.654 0.644
-147.47 59.952 1126.76 0.2181 0.3696 -0.237 -0.724 -0.651
-145.034 60.0166 1133.75 0.2181 0.385 0.124 -0.843 0.525
-151.005 60.0486 1139.68 0.203 0.385 0.404 -0.646 0.649
-151.136 76.0693 1139.31 0.203 0.4187 0.394 0.654 0.644
-151.005 60.0486 1139.68 0.203 0.385 0.404 -0.646 0.649
-145.034 60.0166 1133.75 0.2181 0.385 0.124 -0.843 0.525
-4.0155 60.0486 777.654 0.0005 0.3623 0.385 -0.488 -0.785
-8.5294 74.9595 779.871 0.0005 0.3286 0.194 0.63 -0.758
-3.5296 76.5478 792.027 0.023 0.3286 0.635 0.677 0.364
-3.5296 76.5478 792.027 0.023 0.3286 0.635 0.677 0.364
1.0776 59.952 790.046 0.023 0.3623 0.81 -0.504 0.292
-4.0155 60.0486 777.654 0.0005 0.3623 0.385 -0.488 -0.785
-96.7016 59.952 826.508 0.2181 0.3696 0.267 -0.724 0.64
1.0776 59.952 790.046 0.023 0.3623 0.81 -0.504 0.292
-3.5296 76.5478 792.027 0.023 0.3286 0.635 0.677 0.364
-3.5296 76.5478 792.027 0.023 0.3286 0.635 0.677 0.364
-96.6462 76.5478 826.642 0.2183 0.3286 0.269 0.732 0.623
-96.7016 59.952 826.508 0.2181 0.3696 0.267 -0.724 0.64
-4.0155 60.0486 777.654 0.0229 0.385 0.385 -0.488 -0.785
1.0776 59.952 790.046 0.023 0.3623 0.81 -0.504 0.292
-96.7016 59.952 826.508 0.2181 0.3696 0.267 -0.724 0.64
-233.476 59.952 890.967 0.5146 0.3623 0.272 -0.701 0.655
-96.7016 59.952 826.508 0.2181 0.3696 0.267 -0.724 0.64
-96.6462 76.5478 826.642 0.2183 0.3286 0.269 0.732 0.623
-96.6462 76.5478 826.642 0.2183 0.3286 0.269 0.732 0.623
-233.42 76.5478 891.101 0.5146 0.3286 0.269 0.709 0.648
-233.476 59.952 890.967 0.5146 0.3623 0.272 -0.701 0.655
-96.7016 59.952 826.508 0.2181 0.3696 0.267 -0.724 0.64
-93.7861 60.0486 813.436 0.203 0.385 -0.431 -0.646 -0.631
-4.0155 60.0486 777.654 0.0229 0.385 0.385 -0.488 -0.785
-315.194 59.952 921.409 0.6772 0.3623 0.308 -0.724 0.617
-233.476 59.952 890.967 0.5146 0.3623 0.272 -0.701 0.655
-233.42 76.5478 891.101 0.5146 0.3286 0.269 0.709 0.648
-233.42 76.5478 891.101 0.5146 0.3286 0.269 0.709 0.648
-315.138 76.5478 921.543 0.6772 0.3286 0.256 0.748 0.611
-315.194 59.952 921.409 0.6772 0.3623 0.308 -0.724 0.617
-4.0155 60.0486 777.654 0.0229 0.385 0.385 -0.488 -0.785
-93.7861 60.0486 813.436 0.203 0.385 -0.431 -0.646 -0.631
-93.6374 76.0693 813.805 0.203 0.4187 -0.421 0.654 -0.626
-93.6374 76.0693 813.805 0.203 0.4187 -0.421 0.654 -0.626
-8.5294 74.9595 779.871 0.0229 0.4187 0.194 0.63 -0.758
-4.0155 60.0486 777.654 0.0229 0.385 0.385 -0.488 -0.785
-326.323 59.44 927.804 0.7021 0.3623 -0.258 -0.591 0.764
-315.194 59.952 921.409 0.6772 0.3623 0.308 -0.724 0.617
-315.138 76.5478 921.543 0.6772 0.3286 0.256 0.748 0.611
-315.138 76.5478 921.543 0.6772 0.3286 0.256 0.748 0.611
-326.259 75.5754 927.96 0.7021 0.3286 -0.278 0.559 0.78
-326.323 59.44 927.804 0.7021 0.3623 -0.258 -0.591 0.764
-326.323 59.44 927.804 0.7021 0.3623 -0.258 -0.591 0.764
-326.259 75.5754 927.96 0.7021 0.3286 -0.278 0.559 0.78
-330.573 75.0474 916.331 0.7246 0.3286 -0.773 0.551 -0.305
-330.573 75.0474 916.331 0.7246 0.3286 -0.773 0.551 -0.305
-330.747 59.5466 915.9 0.7246 0.3623 -0.739 -0.591 -0.326
-326.323 59.44 927.804 0.7021 0.3623 -0.258 -0.591 0.764
-319.713 60.0486 910.466 0.6772 0.385 -0.273 -0.677 -0.68
-315.194 59.952 921.409 0.6772 0.3623 0.308 -0.724 0.617
-326.323 59.44 927.804 0.7021 0.3623 -0.258 -0.591 0.764
-326.323 59.44 927.804 0.7021 0.3623 -0.258 -0.591 0.764
-330.747 59.5466 915.9 0.7021 0.385 -0.739 -0.591 -0.326
-319.713 60.0486 910.466 0.6772 0.385 -0.273 -0.677 -0.68
-319.713 60.0486 910.466 0.6772 0.385 -0.273 -0.677 -0.68
-330.747 59.5466 915.9 0.7021 0.385 -0.739 -0.591 -0.326
-330.573 75.0474 916.331 0.7021 0.4187 -0.773 0.551 -0.305
-315.194 59.952 921.409 0.6772 0.3623 0.308 -0.724 0.617
-319.713 60.0486 910.466 0.6772 0.385 -0.273 -0.677 -0.68
-237.709 60.0486 880.745 0.5146 0.385 -0.272 -0.709 -0.655
-237.709 60.0486 880.745 0.5146 0.385 -0.272 -0.709 -0.655
-233.476 59.952 890.967 0.5146 0.3623 0.272 -0.701 0.655
-315.194 59.952 921.409 0.6772 0.3623 0.308 -0.724 0.617
-96.7016 59.952 826.508 0.2181 0.3696 0.267 -0.724 0.64
-233.476 59.952 890.967 0.5146 0.3623 0.272 -0.701 0.655
-237.709 60.0486 880.745 0.5146 0.385 -0.272 -0.709 -0.655
-330.573 75.0474 916.331 0.7021 0.4187 -0.773 0.551 -0.305
-319.564 76.0693 910.835 0.6772 0.4187 -0.312 0.701 -0.649
-319.713 60.0486 910.466 0.6772 0.385 -0.273 -0.677 -0.68
-237.709 60.0486 880.745 0.5146 0.385 -0.272 -0.709 -0.655
-319.713 60.0486 910.466 0.6772 0.385 -0.273 -0.677 -0.68
-319.564 76.0693 910.835 0.6772 0.4187 -0.312 0.701 -0.649
-319.564 76.0693 910.835 0.6772 0.4187 -0.312 0.701 -0.649
-330.573 75.0474 916.331 0.7021 0.4187 -0.773 0.551 -0.305
-326.259 75.5754 927.96 0.7021 0.4412 -0.278 0.559 0.78
-326.259 75.5754 927.96 0.7021 0.4412 -0.278 0.559 0.78
-315.138 76.5478 921.543 0.6772 0.4412 0.256 0.748 0.611
-319.564 76.0693 910.835 0.6772 0.4187 -0.312 0.701 -0.649
-237.56 76.0693 881.114 0.5146 0.4187 -0.269 0.709 -0.648
-319.564 76.0693 910.835 0.6772 0.4187 -0.312 0.701 -0.649
-315.138 76.5478 921.543 0.6772 0.4412 0.256 0.748 0.611
-319.564 76.0693 910.835 0.6772 0.4187 -0.312 0.701 -0.649
-237.56 76.0693 881.114 0.5146 0.4187 -0.269 0.709 -0.648
-237.709 60.0486 880.745 0.5146 0.385 -0.272 -0.709 -0.655
-315.138 76.5478 921.543 0.6772 0.4412 0.256 0.748 0.611
-233.42 76.5478 891.101 0.5146 0.4412 0.269 0.709 0.648
-237.56 76.0693 881.114 0.5146 0.4187 -0.269 0.709 -0.648
-237.56 76.0693 881.114 0.5146 0.4187 -0.269 0.709 -0.648
-233.42 76.5478 891.101 0.5146 0.4412 0.269 0.709 0.648
-96.6462 76.5478 826.642 0.2183 0.4412 0.269 0.732 0.623
-96.6462 76.5478 826.642 0.2183 0.4412 0.269 0.732 0.623
-3.5296 76.5478 792.027 0.023 0.4412 0.635 0.677 0.364
-8.5294 74.9595 779.871 0.0229 0.4187 0.194 0.63 -0.758
-8.5294 74.9595 779.871 0.0229 0.4187 0.194 0.63 -0.758
-93.6374 76.0693 813.805 0.203 0.4187 -0.421 0.654 -0.626
-96.6462 76.5478 826.642 0.2183 0.4412 0.269 0.732 0.623
-104.396 60.0486 818.18 0.2333 0.385 -0.066 -0.622 -0.78
-237.709 60.0486 880.745 0.5146 0.385 -0.272 -0.709 -0.655
-237.56 76.0693 881.114 0.5146 0.4187 -0.269 0.709 -0.648
-237.709 60.0486 880.745 0.5146 0.385 -0.272 -0.709 -0.655
-104.396 60.0486 818.18 0.2333 0.385 -0.066 -0.622 -0.78
-96.7016 59.952 826.508 0.2181 0.3696 0.267 -0.724 0.64
-96.6462 76.5478 826.642 0.2183 0.4412 0.269 0.732 0.623
-104.247 76.0693 818.55 0.2333 0.4187 -0.063 0.63 -0.773
-237.56 76.0693 881.114 0.5146 0.4187 -0.269 0.709 -0.648
-237.56 76.0693 881.114 0.5146 0.4187 -0.269 0.709 -0.648
-104.247 76.0693 818.55 0.2333 0.4187 -0.063 0.63 -0.773
-104.396 60.0486 818.18 0.2333 0.385 -0.066 -0.622 -0.78
-96.6462 76.5478 826.642 0.2183 0.4412 0.269 0.732 0.623
-99.3194 76.0374 820.013 0.2181 0.4187 -0.147 0.827 -0.541
-104.247 76.0693 818.55 0.2333 0.4187 -0.063 0.63 -0.773
-104.396 60.0486 818.18 0.2333 0.385 -0.066 -0.622 -0.78
-104.247 76.0693 818.55 0.2333 0.4187 -0.063 0.63 -0.773
-99.3194 76.0374 820.013 0.2181 0.4187 -0.147 0.827 -0.541
-93.6374 76.0693 813.805 0.203 0.4187 -0.421 0.654 -0.626
-99.3194 76.0374 820.013 0.2181 0.4187 -0.147 0.827 -0.541
-96.6462 76.5478 826.642 0.2183 0.4412 0.269 0.732 0.623
-104.396 60.0486 818.18 0.2333 0.385 -0.066 -0.622 -0.78
-99.4681 60.0166 819.643 0.2181 0.385 -0.146 -0.843 -0.517
-96.7016 59.952 826.508 0.2181 0.3696 0.267 -0.724 0.64
-99.3194 76.0374 820.013 0.2181 0.4187 -0.147 0.827 -0.541
-99.4681 60.0166 819.643 0.2181 0.385 -0.146 -0.843 -0.517
-104.396 60.0486 818.18 0.2333 0.385 -0.066 -0.622 -0.78
-99.4681 60.0166 819.643 0.2181 0.385 -0.146 -0.843 -0.517
-99.3194 76.0374 820.013 0.2181 0.4187 -0.147 0.827 -0.541
-93.6374 76.0693 813.805 0.203 0.4187 -0.421 0.654 -0.626
-96.7016 59.952 826.508 0.2181 0.3696 0.267 -0.724 0.64
-99.4681 60.0166 819.643 0.2181 0.385 -0.146 -0.843 -0.517
-93.7861 60.0486 813.436 0.203 0.385 -0.431 -0.646 -0.631
-93.6374 76.0693 813.805 0.203 0.4187 -0.421 0.654 -0.626
-93.7861 60.0486 813.436 0.203 0.385 -0.431 -0.646 -0.631
-99.4681 60.0166 819.643 0.2181 0.385 -0.146 -0.843 -0.517
-168.545 83.0494 819.661 0.0231 0.1956 0.44 0.591 -0.68
-168.545 76.5964 819.661 0.0101 0.1976 0.425 -0.606 -0.674
-213.392 78.6596 826.922 0.0005 0.1086 -0.7 -0.551 -0.449
-213.392 78.6596 826.922 0.0005 0.1086 -0.7 -0.551 -0.449
-213.392 83.3463 826.922 0.0099 0.1074 -0.687 0.583 -0.437
-168.545 83.0494 819.661 0.0231 0.1956 0.44 0.591 -0.68
-160.908 76.5964 850.105 0.0871 0.2048 0.657 -0.732 -0.197
-168.545 76.5964 819.661 0.0237 0.2085 0.425 -0.606 -0.674
-168.545 83.0494 819.661 0.0231 0.1956 0.44 0.591 -0.68
-168.545 83.0494 819.661 0.0231 0.1956 0.44 0.591 -0.68
-160.908 83.0494 850.105 0.0868 0.1917 0.655 0.732 -0.18
-160.908 76.5964 850.105 0.0871 0.2048 0.657 -0.732 -0.197
-160.908 83.0494 850.105 0.0868 0.1917 0.655 0.732 -0.18
-168.545 83.0494 819.661 0.0231 0.1956 0.44 0.591 -0.68
-213.392 83.3463 826.922 0.0099 0.1074 -0.687 0.583 -0.437
-101.677 76.0019 1032.03 0.4761 0.205 0.767 -0.638 0.081
-160.908 76.5964 850.105 0.0871 0.2048 0.657 -0.732 -0.197
-160.908 83.0494 850.105 0.0868 0.1917 0.655 0.732 -0.18
-213.392 83.3463 826.922 0.0099 0.1074 -0.687 0.583 -0.437
-201.769 81.2831 864.555 0.09 0.1073 -0.676 0.693 0.238
-160.908 83.0494 850.105 0.0868 0.1917 0.655 0.732 -0.18
-201.769 81.2831 864.555 0.09 0.1073 -0.676 0.693 0.238
-213.392 83.3463 826.922 0.0099 0.1074 -0.687 0.583 -0.437
-213.392 78.6596 826.922 0.0107 0.0986 -0.7 -0.551 -0.449
-160.908 83.0494 850.105 0.0868 0.1917 0.655 0.732 -0.18
-101.677 82.4549 1032.03 0.4739 0.1936 0.752 0.654 0.087
-101.677 76.0019 1032.03 0.4761 0.205 0.767 -0.638 0.081
-101.677 82.4549 1032.03 0.4739 0.1936 0.752 0.654 0.087
-160.908 83.0494 850.105 0.0868 0.1917 0.655 0.732 -0.18
-201.769 81.2831 864.555 0.09 0.1073 -0.676 0.693 0.238
-213.392 78.6596 826.922 0.0107 0.0986 -0.7 -0.551 -0.449
-168.545 76.5964 819.661 0.0244 0.0107 0.425 -0.606 -0.674
-160.908 76.5964 850.105 0.088 0.0153 0.657 -0.732 -0.197
-101.677 76.0019 1032.03 0.4761 0.205 0.767 -0.638 0.081
-101.677 82.4549 1032.03 0.4739 0.1936 0.752 0.654 0.087
-107.594 82.4549 1042.26 0.4927 0.179 0.373 0.921 -0.102
-107.594 82.4549 1042.26 0.4927 0.179 0.373 0.921 -0.102
-107.594 76.0019 1042.26 0.4929 0.1919 0.413 -0.906 -0.108
-101.677 76.0019 1032.03 0.4761 0.205 0.767 -0.638 0.081
-160.908 76.5964 850.105 0.088 0.0153 0.657 -0.732 -0.197
-201.769 76.5964 864.555 0.0908 0.0995 -0.667 -0.724 0.193
-213.392 78.6596 826.922 0.0107 0.0986 -0.7 -0.551 -0.449
-213.392 78.6596 826.922 0.0107 0.0986 -0.7 -0.551 -0.449
-201.769 76.5964 864.555 0.0908 0.0995 -0.667 -0.724 0.193
-201.769 81.2831 864.555 0.09 0.1073 -0.676 0.693 0.238
-201.769 76.5964 864.555 0.0908 0.0995 -0.667 -0.724 0.193
-160.908 76.5964 850.105 0.088 0.0153 0.657 -0.732 -0.197
-101.677 76.0019 1032.03 0.4763 0.0139 0.767 -0.638 0.081
-201.769 81.2831 864.555 0.09 0.1073 -0.676 0.693 0.238
-138.929 80.6886 1054.1 0.4956 0.1107 -0.698 0.693 0.178
-101.677 82.4549 1032.03 0.4739 0.1936 0.752 0.654 0.087
-138.929 80.6886 1054.1 0.4956 0.1107 -0.698 0.693 0.178
-201.769 81.2831 864.555 0.09 0.1073 -0.676 0.693 0.238
-201.769 76.5964 864.555 0.0908 0.0995 -0.667 -0.724 0.193
-138.929 80.6886 1054.1 0.4956 0.1107 -0.698 0.693 0.178
-107.594 82.4549 1042.26 0.4927 0.179 0.373 0.921 -0.102
-101.677 82.4549 1032.03 0.4739 0.1936 0.752 0.654 0.087
-101.677 76.0019 1032.03 0.4763 0.0139 0.767 -0.638 0.081
-138.929 76.0019 1054.1 0.4961 0.0981 -0.641 -0.732 0.242
-201.769 76.5964 864.555 0.0908 0.0995 -0.667 -0.724 0.193
-201.769 76.5964 864.555 0.0908 0.0995 -0.667 -0.724 0.193
-138.929 76.0019 1054.1 0.4961 0.0981 -0.641 -0.732 0.242
-138.929 80.6886 1054.1 0.4956 0.1107 -0.698 0.693 0.178
-101.677 76.0019 1032.03 0.4763 0.0139 0.767 -0.638 0.081
-107.594 76.0019 1042.26 0.4924 0.0319 0.413 -0.906 -0.108
-138.929 76.0019 1054.1 0.4961 0.0981 -0.641 -0.732 0.242
-138.929 76.0019 1054.1 0.4961 0.0981 -0.641 -0.732 0.242
-107.594 76.0019 1042.26 0.4924 0.0319 0.413 -0.906 -0.108
-96.3605 76.0019 1048.93 0.5122 0.015 0.601 -0.677 -0.42
-138.929 76.0019 1054.1 0.4961 0.0981 -0.641 -0.732 0.242
-96.3605 76.0019 1048.93 0.5122 0.015 0.601 -0.677 -0.42
-79.9818 83.6735 1100.92 0.623 0.0152 0.75 -0.535 0.381
-79.9818 83.6735 1100.92 0.623 0.0152 0.75 -0.535 0.381
-120.185 81.7636 1117.44 0.6299 0.1001 -0.328 -0.567 0.756
-138.929 76.0019 1054.1 0.4961 0.0981 -0.641 -0.732 0.242
-138.929 76.0019 1054.1 0.4961 0.0981 -0.641 -0.732 0.242
-120.185 81.7636 1117.44 0.6299 0.1001 -0.328 -0.567 0.756
-120.185 86.4504 1117.44 0.6304 0.1089 -0.361 0.575 0.735
-120.185 86.4504 1117.44 0.6304 0.1089 -0.361 0.575 0.735
-138.929 80.6886 1054.1 0.4956 0.1107 -0.698 0.693 0.178
-138.929 76.0019 1054.1 0.4961 0.0981 -0.641 -0.732 0.242
-120.185 86.4504 1117.44 0.6304 0.1089 -0.361 0.575 0.735
-120.185 81.7636 1117.44 0.6401 0.1089 -0.328 -0.567 0.756
-79.9818 83.6735 1100.92 0.6372 0.1945 0.75 -0.535 0.381
-79.9818 83.6735 1100.92 0.6372 0.1945 0.75 -0.535 0.381
-79.9818 90.1265 1100.92 0.624 0.1943 0.689 0.646 0.327
-120.185 86.4504 1117.44 0.6304 0.1089 -0.361 0.575 0.735
-138.929 80.6886 1054.1 0.4956 0.1107 -0.698 0.693 0.178
-120.185 86.4504 1117.44 0.6304 0.1089 -0.361 0.575 0.735
-79.9818 90.1265 1100.92 0.624 0.1943 0.689 0.646 0.327
-79.9818 90.1265 1100.92 0.624 0.1943 0.689 0.646 0.327
-96.3605 82.4549 1048.93 0.5146 0.1935 0.581 0.622 -0.522
-138.929 80.6886 1054.1 0.4956 0.1107 -0.698 0.693 0.178
-96.3605 82.4549 1048.93 0.5146 0.1935 0.581 0.622 -0.522
-107.594 82.4549 1042.26 0.4927 0.179 0.373 0.921 -0.102
-138.929 80.6886 1054.1 0.4956 0.1107 -0.698 0.693 0.178
-304.72 76.6443 996.804 0.7021 0.5347 -0.807 0.512 -0.284
-300.628 76.5478 1007.08 0.7021 0.5571 -0.387 0.496 0.778
19.3782 76.5478 879.687 0.023 0.5571 0.744 0.575 0.341
-96.3605 82.4549 1048.93 0.5146 0.1935 0.581 0.622 -0.522
-79.9818 90.1265 1100.92 0.624 0.1943 0.689 0.646 0.327
-79.9818 83.6735 1100.92 0.6235 0.2076 0.75 -0.535 0.381
-96.3605 82.4549 1048.93 0.5146 0.1935 0.581 0.622 -0.522
-96.3605 76.0019 1048.93 0.5122 0.2052 0.601 -0.677 -0.42
-107.594 76.0019 1042.26 0.4929 0.1919 0.413 -0.906 -0.108
-79.9818 83.6735 1100.92 0.6235 0.2076 0.75 -0.535 0.381
-96.3605 76.0019 1048.93 0.5122 0.2052 0.601 -0.677 -0.42
-96.3605 82.4549 1048.93 0.5146 0.1935 0.581 0.622 -0.522
-25.2646 76.5964 1198.56 0.9971 0.5952 -0.326 -0.591 0.739
14.5502 76.5964 1186.86 0.999 0.6841 0.727 -0.575 0.364
14.5502 81.2831 1186.86 0.9888 0.6841 0.737 0.567 0.368
14.5502 81.2831 1186.86 0.9888 0.6841 0.737 0.567 0.368
-25.2646 83.1852 1198.56 0.9824 0.5962 -0.321 0.606 0.729
-25.2646 76.5964 1198.56 0.9971 0.5952 -0.326 -0.591 0.739
-54.8811 83.1852 1131 0.8213 0.5894 -0.738 0.669 0.067
-25.2646 83.1852 1198.56 0.9824 0.5962 -0.321 0.606 0.729
14.5502 81.2831 1186.86 0.9888 0.6841 0.737 0.567 0.368
-25.2646 76.5964 1198.56 0.9829 0.5815 -0.326 -0.591 0.739
-25.2646 83.1852 1198.56 0.9824 0.5962 -0.321 0.606 0.729
-54.8811 83.1852 1131 0.8213 0.5894 -0.738 0.669 0.067
-54.8811 83.1852 1131 0.8213 0.5894 -0.738 0.669 0.067
-54.8811 76.5964 1131 0.8198 0.5757 -0.753 -0.654 0.073
-25.2646 76.5964 1198.56 0.9829 0.5815 -0.326 -0.591 0.739
-51.6758 76.5964 1117.15 0.7925 0.5874 -0.55 -0.827 0.125
-54.8811 76.5964 1131 0.8198 0.5757 -0.753 -0.654 0.073
-54.8811 83.1852 1131 0.8213 0.5894 -0.738 0.669 0.067
14.5502 81.2831 1186.86 0.9888 0.6841 0.737 0.567 0.368
-14.1782 81.2831 1116.19 0.8198 0.6821 0.662 0.717 -0.207
-54.8811 83.1852 1131 0.8213 0.5894 -0.738 0.669 0.067
-14.1782 81.2831 1116.19 0.8198 0.6821 0.662 0.717 -0.207
14.5502 81.2831 1186.86 0.9888 0.6841 0.737 0.567 0.368
14.5502 76.5964 1186.86 0.9883 0.6929 0.727 -0.575 0.364
-54.8811 83.1852 1131 0.8213 0.5894 -0.738 0.669 0.067
-51.6758 83.1852 1117.15 0.7939 0.6025 -0.527 0.843 0.117
-51.6758 76.5964 1117.15 0.7925 0.5874 -0.55 -0.827 0.125
-51.6758 83.1852 1117.15 0.7939 0.6025 -0.527 0.843 0.117
-54.8811 83.1852 1131 0.8213 0.5894 -0.738 0.669 0.067
-14.1782 81.2831 1116.19 0.8198 0.6821 0.662 0.717 -0.207
-60.4594 76.5964 1106.14 0.7646 0.5801 -0.64 -0.677 0.359
-51.6758 76.5964 1117.15 0.7925 0.5874 -0.55 -0.827 0.125
-51.6758 83.1852 1117.15 0.7939 0.6025 -0.527 0.843 0.117
14.5502 76.5964 1186.86 0.9883 0.6929 0.727 -0.575 0.364
-14.1782 76.5964 1116.19 0.8198 0.6943 0.647 -0.74 -0.202
-14.1782 81.2831 1116.19 0.8198 0.6821 0.662 0.717 -0.207
-14.1782 76.5964 1116.19 0.8198 0.6943 0.647 -0.74 -0.202
14.5502 76.5964 1186.86 0.9883 0.6929 0.727 -0.575 0.364
-25.2646 76.5964 1198.56 0.9814 0.7808 -0.326 -0.591 0.739
-14.1782 76.5964 1116.19 0.8198 0.6943 0.647 -0.74 -0.202
-25.2646 76.5964 1198.56 0.9814 0.7808 -0.326 -0.591 0.739
-54.8811 76.5964 1131 0.8188 0.7891 -0.753 -0.654 0.073
-14.1782 76.5964 1116.19 0.8198 0.6943 0.647 -0.74 -0.202
-54.8811 76.5964 1131 0.8188 0.7891 -0.753 -0.654 0.073
-51.6758 76.5964 1117.15 0.7925 0.772 -0.55 -0.827 0.125
-14.1782 81.2831 1116.19 0.8198 0.6821 0.662 0.717 -0.207
-16.8106 81.2831 1104.46 0.793 0.6831 0.697 0.693 -0.203
-51.6758 83.1852 1117.15 0.7939 0.6025 -0.527 0.843 0.117
-16.8106 81.2831 1104.46 0.793 0.6831 0.697 0.693 -0.203
-14.1782 81.2831 1116.19 0.8198 0.6821 0.662 0.717 -0.207
-14.1782 76.5964 1116.19 0.8198 0.6943 0.647 -0.74 -0.202
-16.8106 76.5964 1104.46 0.793 0.6934 0.685 -0.709 -0.191
-14.1782 76.5964 1116.19 0.8198 0.6943 0.647 -0.74 -0.202
-51.6758 76.5964 1117.15 0.7925 0.772 -0.55 -0.827 0.125
-14.1782 76.5964 1116.19 0.8198 0.6943 0.647 -0.74 -0.202
-16.8106 76.5964 1104.46 0.793 0.6934 0.685 -0.709 -0.191
-16.8106 81.2831 1104.46 0.793 0.6831 0.697 0.693 -0.203
-60.4594 76.5964 1106.14 0.7637 0.7822 -0.64 -0.677 0.359
-16.8106 76.5964 1104.46 0.793 0.6934 0.685 -0.709 -0.191
-51.6758 76.5964 1117.15 0.7925 0.772 -0.55 -0.827 0.125
-60.4594 83.1852 1106.14 0.7637 0.5942 -0.621 0.701 0.343
-51.6758 83.1852 1117.15 0.7939 0.6025 -0.527 0.843 0.117
-16.8106 81.2831 1104.46 0.793 0.6831 0.697 0.693 -0.203
-51.6758 83.1852 1117.15 0.7939 0.6025 -0.527 0.843 0.117
-60.4594 83.1852 1106.14 0.7637 0.5942 -0.621 0.701 0.343
-60.4594 76.5964 1106.14 0.7646 0.5801 -0.64 -0.677 0.359
-62.0097 75.8364 1055.51 0.6577 0.751 0.02 -1 0.009
-16.8106 76.5964 1104.46 0.793 0.6934 0.685 -0.709 -0.191
-60.4594 76.5964 1106.14 0.7637 0.7822 -0.64 -0.677 0.359
-60.4594 76.5964 1106.14 0.7637 0.7822 -0.64 -0.677 0.359
-64.3157 75.8737 1058.03 0.6611 0.7578 -0.002 -1 0.017
-62.0097 75.8364 1055.51 0.6577 0.751 0.02 -1 0.009
-60.4594 76.5964 1106.14 0.7637 0.7822 -0.64 -0.677 0.359
-67.7005 75.8686 1057.75 0.6577 0.7651 -0.002 -1 0.017
-64.3157 75.8737 1058.03 0.6611 0.7578 -0.002 -1 0.017
-60.4594 76.5964 1106.14 0.7637 0.7822 -0.64 -0.677 0.359
-70.1867 75.824 1054.44 0.6484 0.7686 0.005 -1 0.015
-67.7005 75.8686 1057.75 0.6577 0.7651 -0.002 -1 0.017
-70.1867 75.824 1054.44 0.6484 0.7686 0.005 -1 0.015
-60.4594 76.5964 1106.14 0.7637 0.7822 -0.64 -0.677 0.359
-77.6556 75.8439 1057.16 0.6489 0.7856 -0.651 -0.717 0.237
-70.3051 75.766 1051 0.6411 0.7666 0.005 -1 0.015
-70.1867 75.824 1054.44 0.6484 0.7686 0.005 -1 0.015
-77.6556 75.8439 1057.16 0.6489 0.7856 -0.651 -0.717 0.237
-77.6556 75.8439 1057.16 0.6489 0.7856 -0.651 -0.717 0.237
-111.341 74.3975 961.264 0.4243 0.7847 -0.629 -0.74 0.229
-70.3051 75.766 1051 0.6411 0.7666 0.005 -1 0.015
-67.9991 75.7287 1048.48 0.6377 0.7598 -0.002 -1 0.017
-70.3051 75.766 1051 0.6411 0.7666 0.005 -1 0.015
-111.341 74.3975 961.264 0.4243 0.7847 -0.629 -0.74 0.229
-64.6143 75.7339 1048.76 0.6416 0.7524 0.025 -1 -0.001
-67.9991 75.7287 1048.48 0.6377 0.7598 -0.002 -1 0.017
-111.341 74.3975 961.264 0.4243 0.7847 -0.629 -0.74 0.229
-37.8555 76.5964 1042.67 0.6489 0.6934 0.671 -0.709 -0.228
-16.8106 76.5964 1104.46 0.793 0.6934 0.685 -0.709 -0.191
-62.0097 75.8364 1055.51 0.6577 0.751 0.02 -1 0.009
-16.8106 81.2831 1104.46 0.793 0.6831 0.697 0.693 -0.203
-16.8106 76.5964 1104.46 0.793 0.6934 0.685 -0.709 -0.191
-37.8555 76.5964 1042.67 0.6489 0.6934 0.671 -0.709 -0.228
-62.0097 75.8364 1055.51 0.6577 0.751 0.02 -1 0.009
-62.1848 75.7785 1051.53 0.6494 0.749 0.035 -1 0.004
-37.8555 76.5964 1042.67 0.6489 0.6934 0.671 -0.709 -0.228
-37.8555 76.5964 1042.67 0.6489 0.6934 0.671 -0.709 -0.228
-62.1848 75.7785 1051.53 0.6494 0.749 0.035 -1 0.004
-64.6143 75.7339 1048.76 0.6416 0.7524 0.025 -1 -0.001
-111.341 74.3975 961.264 0.4243 0.7847 -0.629 -0.74 0.229
-70.6381 76.5964 946.45 0.4248 0.6919 0.673 -0.701 -0.245
-64.6143 75.7339 1048.76 0.6416 0.7524 0.025 -1 -0.001
-64.6143 75.7339 1048.76 0.6416 0.7524 0.025 -1 -0.001
-70.6381 76.5964 946.45 0.4248 0.6919 0.673 -0.701 -0.245
-37.8555 76.5964 1042.67 0.6489 0.6934 0.671 -0.709 -0.228
-70.6381 76.5964 946.45 0.4248 0.6919 0.673 -0.701 -0.245
-111.341 74.3975 961.264 0.4243 0.7847 -0.629 -0.74 0.229
-177.106 76.5964 786.93 0.0124 0.7778 -0.689 -0.591 -0.42
-177.106 76.5964 786.93 0.0124 0.7778 -0.689 -0.591 -0.42
-133.995 79.8219 778.732 0.03 0.6855 0.399 -0.559 -0.723
-70.6381 76.5964 946.45 0.4248 0.6919 0.673 -0.701 -0.245
-70.6381 81.2831 946.45 0.4246 0.6821 0.661 0.717 -0.232
-70.6381 76.5964 946.45 0.4248 0.6919 0.673 -0.701 -0.245
-133.995 79.8219 778.732 0.03 0.6855 0.399 -0.559 -0.723
-37.8555 76.5964 1042.67 0.6489 0.6934 0.671 -0.709 -0.228
-70.6381 76.5964 946.45 0.4248 0.6919 0.673 -0.701 -0.245
-70.6381 81.2831 946.45 0.4246 0.6821 0.661 0.717 -0.232
-133.995 79.8219 778.732 0.03 0.6855 0.399 -0.559 -0.723
-133.995 84.5087 778.732 0.0296 0.6743 0.375 0.614 -0.698
-70.6381 81.2831 946.45 0.4246 0.6821 0.661 0.717 -0.232
-37.8555 76.5964 1042.67 0.6489 0.6934 0.671 -0.709 -0.228
-37.8476 81.2831 1042.67 0.6484 0.6826 0.664 0.709 -0.225
-16.8106 81.2831 1104.46 0.793 0.6831 0.697 0.693 -0.203
-70.6381 81.2831 946.45 0.4246 0.6821 0.661 0.717 -0.232
-37.8476 81.2831 1042.67 0.6484 0.6826 0.664 0.709 -0.225
-37.8555 76.5964 1042.67 0.6489 0.6934 0.671 -0.709 -0.228
-61.8942 81.7121 1055.46 0.6577 0.6255 0.024 1 -0.026
-16.8106 81.2831 1104.46 0.793 0.6831 0.697 0.693 -0.203
-37.8476 81.2831 1042.67 0.6484 0.6826 0.664 0.709 -0.225
-60.4594 83.1852 1106.14 0.7637 0.5942 -0.621 0.701 0.343
-16.8106 81.2831 1104.46 0.793 0.6831 0.697 0.693 -0.203
-61.8942 81.7121 1055.46 0.6577 0.6255 0.024 1 -0.026
-37.8476 81.2831 1042.67 0.6484 0.6826 0.664 0.709 -0.225
-62.0693 81.5979 1051.48 0.6499 0.6274 0.009 1 -0.02
-61.8942 81.7121 1055.46 0.6577 0.6255 0.024 1 -0.026
-61.8942 81.7121 1055.46 0.6577 0.6255 0.024 1 -0.026
-64.1973 81.8957 1057.98 0.6611 0.6196 0.046 1 -0.034
-60.4594 83.1852 1106.14 0.7637 0.5942 -0.621 0.701 0.343
-64.4986 81.6201 1048.71 0.6421 0.6245 0.022 1 -0.008
-62.0693 81.5979 1051.48 0.6499 0.6274 0.009 1 -0.02
-37.8476 81.2831 1042.67 0.6484 0.6826 0.664 0.709 -0.225
-37.8476 81.2831 1042.67 0.6484 0.6826 0.664 0.709 -0.225
-70.6381 81.2831 946.45 0.4246 0.6821 0.661 0.717 -0.232
-64.4986 81.6201 1048.71 0.6421 0.6245 0.022 1 -0.008
-64.1973 81.8957 1057.98 0.6611 0.6196 0.046 1 -0.034
-67.5792 82.0412 1057.7 0.6577 0.6128 0.046 1 -0.034
-60.4594 83.1852 1106.14 0.7637 0.5942 -0.621 0.701 0.343
-67.5792 82.0412 1057.7 0.6577 0.6128 0.046 1 -0.034
-70.1872 82.0633 1054.44 0.6489 0.6094 0.039 1 -0.031
-60.4594 83.1852 1106.14 0.7637 0.5942 -0.621 0.701 0.343
-77.6671 82.4482 1057.16 0.6499 0.5923 -0.642 0.732 0.217
-60.4594 83.1852 1106.14 0.7637 0.5942 -0.621 0.701 0.343
-70.1872 82.0633 1054.44 0.6489 0.6094 0.039 1 -0.031
-60.4594 76.5964 1106.14 0.7646 0.5801 -0.64 -0.677 0.359
-60.4594 83.1852 1106.14 0.7637 0.5942 -0.621 0.701 0.343
-77.6671 82.4482 1057.16 0.6499 0.5923 -0.642 0.732 0.217
-77.6671 82.4482 1057.16 0.6499 0.5923 -0.642 0.732 0.217
-70.1872 82.0633 1054.44 0.6489 0.6094 0.039 1 -0.031
-70.1836 81.9491 1050.95 0.6421 0.6113 0.039 1 -0.031
-77.6671 82.4482 1057.16 0.6499 0.5923 -0.642 0.732 0.217
-77.6556 75.8439 1057.16 0.6499 0.5781 -0.651 -0.717 0.237
-60.4594 76.5964 1106.14 0.7646 0.5801 -0.64 -0.677 0.359
-70.1836 81.9491 1050.95 0.6421 0.6113 0.039 1 -0.031
-111.341 80.9863 961.264 0.4258 0.5894 -0.659 0.717 0.24
-77.6671 82.4482 1057.16 0.6499 0.5923 -0.642 0.732 0.217
-77.6556 75.8439 1057.16 0.6499 0.5781 -0.651 -0.717 0.237
-77.6671 82.4482 1057.16 0.6499 0.5923 -0.642 0.732 0.217
-111.341 80.9863 961.264 0.4258 0.5894 -0.659 0.717 0.24
-111.341 80.9863 961.264 0.4258 0.5894 -0.659 0.717 0.24
-70.1836 81.9491 1050.95 0.6421 0.6113 0.039 1 -0.031
-67.8805 81.7655 1048.43 0.6387 0.6177 0.046 1 -0.034
-111.341 80.9863 961.264 0.4258 0.5894 -0.659 0.717 0.24
-67.8805 81.7655 1048.43 0.6387 0.6177 0.046 1 -0.034
-64.4986 81.6201 1048.71 0.6421 0.6245 0.022 1 -0.008
-64.4986 81.6201 1048.71 0.6421 0.6245 0.022 1 -0.008
-70.6381 81.2831 946.45 0.4246 0.6821 0.661 0.717 -0.232
-111.341 80.9863 961.264 0.4258 0.5894 -0.659 0.717 0.24
-111.341 80.9863 961.264 0.4258 0.5894 -0.659 0.717 0.24
-111.341 74.3975 961.264 0.426 0.5747 -0.629 -0.74 0.229
-77.6556 75.8439 1057.16 0.6499 0.5781 -0.651 -0.717 0.237
-177.106 76.5964 786.93 0.0154 0.5669 -0.689 -0.591 -0.42
-111.341 74.3975 961.264 0.426 0.5747 -0.629 -0.74 0.229
-111.341 80.9863 961.264 0.4258 0.5894 -0.659 0.717 0.24
-111.341 80.9863 961.264 0.4258 0.5894 -0.659 0.717 0.24
-177.106 83.1852 786.93 0.0149 0.5815 -0.711 0.567 -0.411
-177.106 76.5964 786.93 0.0154 0.5669 -0.689 -0.591 -0.42
-177.106 83.1852 786.93 0.0149 0.5815 -0.711 0.567 -0.411
-111.341 80.9863 961.264 0.4258 0.5894 -0.659 0.717 0.24
-70.6381 81.2831 946.45 0.4246 0.6821 0.661 0.717 -0.232
-70.6381 81.2831 946.45 0.4246 0.6821 0.661 0.717 -0.232
-133.995 84.5087 778.732 0.0296 0.6743 0.375 0.614 -0.698
-177.106 83.1852 786.93 0.0149 0.5815 -0.711 0.567 -0.411
-177.106 83.1852 786.93 0.0149 0.5815 -0.711 0.567 -0.411
-133.995 84.5087 778.732 0.0296 0.6743 0.375 0.614 -0.698
-133.995 79.8219 778.732 0.0193 0.6758 0.399 -0.559 -0.723
-133.995 79.8219 778.732 0.0193 0.6758 0.399 -0.559 -0.723
-177.106 76.5964 786.93 0.0005 0.5835 -0.689 -0.591 -0.42
-177.106 83.1852 786.93 0.0149 0.5815 -0.711 0.567 -0.411
10.7087 83.0494 1164.76 0.0231 0.1956 -0.46 0.591 0.67
10.7087 76.5964 1164.76 0.0101 0.1976 -0.445 -0.606 0.665
55.7579 78.6596 1158.88 0.0005 0.1086 0.683 -0.551 0.472
55.7579 78.6596 1158.88 0.0005 0.1086 0.683 -0.551 0.472
55.7579 83.3463 1158.88 0.0099 0.1074 0.67 0.583 0.46
10.7087 83.0494 1164.76 0.0231 0.1956 -0.46 0.591 0.67
4.0115 76.5964 1134.09 0.0871 0.2048 -0.663 -0.732 0.183
10.7087 76.5964 1164.76 0.0237 0.2085 -0.445 -0.606 0.665
10.7087 83.0494 1164.76 0.0231 0.1956 -0.46 0.591 0.67
10.7087 83.0494 1164.76 0.0231 0.1956 -0.46 0.591 0.67
4.0114 83.0494 1134.09 0.0868 0.1917 -0.656 0.732 0.155
4.0115 76.5964 1134.09 0.0871 0.2048 -0.663 -0.732 0.183
4.0114 83.0494 1134.09 0.0868 0.1917 -0.656 0.732 0.155
10.7087 83.0494 1164.76 0.0231 0.1956 -0.46 0.591 0.67
55.7579 83.3463 1158.88 0.0099 0.1074 0.67 0.583 0.46
-49.5935 76.0019 950.431 0.4761 0.205 -0.76 -0.638 -0.109
4.0115 76.5964 1134.09 0.0871 0.2048 -0.663 -0.732 0.183
4.0114 83.0494 1134.09 0.0868 0.1917 -0.656 0.732 0.155
55.7579 83.3463 1158.88 0.0099 0.1074 0.67 0.583 0.46
45.298 81.2831 1120.91 0.09 0.1073 0.684 0.693 -0.215
4.0114 83.0494 1134.09 0.0868 0.1917 -0.656 0.732 0.155
45.298 81.2831 1120.91 0.09 0.1073 0.684 0.693 -0.215
55.7579 83.3463 1158.88 0.0099 0.1074 0.67 0.583 0.46
55.7579 78.6596 1158.88 0.0107 0.0986 0.683 -0.551 0.472
4.0114 83.0494 1134.09 0.0868 0.1917 -0.656 0.732 0.155
-49.5935 82.4549 950.431 0.4739 0.1936 -0.753 0.654 -0.111
-49.5935 76.0019 950.431 0.4761 0.205 -0.76 -0.638 -0.109
-49.5935 82.4549 950.431 0.4739 0.1936 -0.753 0.654 -0.111
4.0114 83.0494 1134.09 0.0868 0.1917 -0.656 0.732 0.155
45.298 81.2831 1120.91 0.09 0.1073 0.684 0.693 -0.215
55.7579 78.6596 1158.88 0.0107 0.0986 0.683 -0.551 0.472
10.7087 76.5964 1164.76 0.0244 0.0107 -0.445 -0.606 0.665
4.0115 76.5964 1134.09 0.088 0.0153 -0.663 -0.732 0.183
-49.5935 76.0019 950.431 0.4761 0.205 -0.76 -0.638 -0.109
-49.5935 82.4549 950.431 0.4739 0.1936 -0.753 0.654 -0.111
-43.3645 82.4549 940.385 0.4927 0.179 -0.376 0.921 0.095
-43.3645 82.4549 940.385 0.4927 0.179 -0.376 0.921 0.095
-43.3645 76.0019 940.385 0.4929 0.1919 -0.418 -0.906 0.094
-49.5935 76.0019 950.431 0.4761 0.205 -0.76 -0.638 -0.109
4.0115 76.5964 1134.09 0.088 0.0153 -0.663 -0.732 0.183
45.298 76.5964 1120.91 0.0908 0.0995 0.675 -0.724 -0.17
55.7579 78.6596 1158.88 0.0107 0.0986 0.683 -0.551 0.472
55.7579 78.6596 1158.88 0.0107 0.0986 0.683 -0.551 0.472
45.298 76.5964 1120.91 0.0908 0.0995 0.675 -0.724 -0.17
45.298 81.2831 1120.91 0.09 0.1073 0.684 0.693 -0.215
45.298 76.5964 1120.91 0.0908 0.0995 0.675 -0.724 -0.17
4.0115 76.5964 1134.09 0.088 0.0153 -0.663 -0.732 0.183
-49.5935 76.0019 950.431 0.4763 0.0139 -0.76 -0.638 -0.109
45.298 81.2831 1120.91 0.09 0.1073 0.684 0.693 -0.215
-11.6803 80.6886 929.521 0.4956 0.1107 0.703 0.693 -0.164
-49.5935 82.4549 950.431 0.4739 0.1936 -0.753 0.654 -0.111
-11.6803 80.6886 929.521 0.4956 0.1107 0.703 0.693 -0.164
45.298 81.2831 1120.91 0.09 0.1073 0.684 0.693 -0.215
45.298 76.5964 1120.91 0.0908 0.0995 0.675 -0.724 -0.17
-11.6803 80.6886 929.521 0.4956 0.1107 0.703 0.693 -0.164
-43.3645 82.4549 940.385 0.4927 0.179 -0.376 0.921 0.095
-49.5935 82.4549 950.431 0.4739 0.1936 -0.753 0.654 -0.111
-49.5935 76.0019 950.431 0.4763 0.0139 -0.76 -0.638 -0.109
-11.6803 76.0019 929.521 0.4961 0.0981 0.649 -0.732 -0.219
45.298 76.5964 1120.91 0.0908 0.0995 0.675 -0.724 -0.17
45.298 76.5964 1120.91 0.0908 0.0995 0.675 -0.724 -0.17
-11.6803 76.0019 929.521 0.4961 0.0981 0.649 -0.732 -0.219
-11.6803 80.6886 929.521 0.4956 0.1107 0.703 0.693 -0.164
-49.5935 76.0019 950.431 0.4763 0.0139 -0.76 -0.638 -0.109
-43.3645 76.0019 940.385 0.4924 0.0319 -0.418 -0.906 0.094
-11.6803 76.0019 929.521 0.4961 0.0981 0.649 -0.732 -0.219
-11.6803 76.0019 929.521 0.4961 0.0981 0.649 -0.732 -0.219
-43.3645 76.0019 940.385 0.4924 0.0319 -0.418 -0.906 0.094
-54.3879 76.0019 933.377 0.5122 0.015 -0.617 -0.677 0.4
-11.6803 76.0019 929.521 0.4961 0.0981 0.649 -0.732 -0.219
-54.3879 76.0019 933.377 0.5122 0.015 -0.617 -0.677 0.4
-69.159 83.6735 880.902 0.623 0.0152 -0.741 -0.535 -0.401
-69.159 83.6735 880.902 0.623 0.0152 -0.741 -0.535 -0.401
-28.4668 81.7636 865.633 0.6299 0.1001 0.348 -0.567 -0.747
-11.6803 76.0019 929.521 0.4961 0.0981 0.649 -0.732 -0.219
-11.6803 76.0019 929.521 0.4961 0.0981 0.649 -0.732 -0.219
-28.4668 81.7636 865.633 0.6299 0.1001 0.348 -0.567 -0.747
-28.4668 86.4504 865.633 0.6304 0.1089 0.384 0.575 -0.718
-28.4668 86.4504 865.633 0.6304 0.1089 0.384 0.575 -0.718
-11.6803 80.6886 929.521 0.4956 0.1107 0.703 0.693 -0.164
-11.6803 76.0019 929.521 0.4961 0.0981 0.649 -0.732 -0.219
-28.4668 86.4504 865.633 0.6304 0.1089 0.384 0.575 -0.718
-28.4668 81.7636 865.633 0.6401 0.1089 0.348 -0.567 -0.747
-69.159 83.6735 880.902 0.6372 0.1945 -0.741 -0.535 -0.401
-69.159 83.6735 880.902 0.6372 0.1945 -0.741 -0.535 -0.401
-69.159 90.1265 880.902 0.624 0.1943 -0.68 0.646 -0.348
-28.4668 86.4504 865.633 0.6304 0.1089 0.384 0.575 -0.718
-11.6803 80.6886 929.521 0.4956 0.1107 0.703 0.693 -0.164
-28.4668 86.4504 865.633 0.6304 0.1089 0.384 0.575 -0.718
-69.159 90.1265 880.902 0.624 0.1943 -0.68 0.646 -0.348
-69.159 90.1265 880.902 0.624 0.1943 -0.68 0.646 -0.348
-54.3879 82.4549 933.377 0.5146 0.1935 -0.597 0.622 0.502
-11.6803 80.6886 929.521 0.4956 0.1107 0.703 0.693 -0.164
-54.3879 82.4549 933.377 0.5146 0.1935 -0.597 0.622 0.502
-43.3645 82.4549 940.385 0.4927 0.179 -0.376 0.921 0.095
-11.6803 80.6886 929.521 0.4956 0.1107 0.703 0.693 -0.164
-43.3645 76.0019 940.385 0.4929 0.1919 -0.418 -0.906 0.094
-43.3645 82.4549 940.385 0.4927 0.179 -0.376 0.921 0.095
-54.3879 82.4549 933.377 0.5146 0.1935 -0.597 0.622 0.502
-54.3879 82.4549 933.377 0.5146 0.1935 -0.597 0.622 0.502
-69.159 90.1265 880.902 0.624 0.1943 -0.68 0.646 -0.348
-69.159 83.6735 880.902 0.6235 0.2076 -0.741 -0.535 -0.401
-54.3879 82.4549 933.377 0.5146 0.1935 -0.597 0.622 0.502
-54.3879 76.0019 933.377 0.5122 0.2052 -0.617 -0.677 0.4
-43.3645 76.0019 940.385 0.4929 0.1919 -0.418 -0.906 0.094
-69.159 83.6735 880.902 0.6235 0.2076 -0.741 -0.535 -0.401
-54.3879 76.0019 933.377 0.5122 0.2052 -0.617 -0.677 0.4
-54.3879 82.4549 933.377 0.5146 0.1935 -0.597 0.622 0.502
-219.044 76.5964 887.985 0.9761 0.8281 -0.076 -0.74 -0.668
-246.081 76.5964 887.702 0.999 0.8813 -0.659 -0.567 -0.498
-246.081 81.2831 887.702 0.9897 0.8848 -0.659 0.567 -0.498
-246.081 81.2831 887.702 0.9897 0.8848 -0.659 0.567 -0.498
-219.044 81.2831 887.985 0.9658 0.8306 -0.103 0.732 -0.675
-219.044 76.5964 887.985 0.9761 0.8281 -0.076 -0.74 -0.668
-202.724 76.5964 883.986 0.9741 0.7935 0.377 -0.591 -0.715
-219.044 76.5964 887.985 0.9761 0.8281 -0.076 -0.74 -0.668
-219.044 81.2831 887.985 0.9658 0.8306 -0.103 0.732 -0.675
-219.044 81.2831 887.985 0.9658 0.8306 -0.103 0.732 -0.675
-202.724 82.6951 883.986 0.9609 0.7949 0.357 0.614 -0.7
-202.724 76.5964 883.986 0.9741 0.7935 0.377 -0.591 -0.715
-175.288 82.6951 966.859 0.729 0.7998 0.63 0.748 -0.204
-202.724 82.6951 883.986 0.9609 0.7949 0.357 0.614 -0.7
-219.044 81.2831 887.985 0.9658 0.8306 -0.103 0.732 -0.675
-219.044 81.2831 887.985 0.9658 0.8306 -0.103 0.732 -0.675
-246.081 81.2831 887.702 0.9897 0.8848 -0.659 0.567 -0.498
-214.898 81.2831 977.565 0.7368 0.8853 -0.661 0.717 0.232
-214.898 81.2831 977.565 0.7368 0.8853 -0.661 0.717 0.232
-246.081 81.2831 887.702 0.9897 0.8848 -0.659 0.567 -0.498
-246.081 76.5964 887.702 0.9883 0.894 -0.659 -0.567 -0.498
-219.044 81.2831 887.985 0.9658 0.8306 -0.103 0.732 -0.675
-189.443 81.2831 972.375 0.7275 0.832 -0.044 1 0.016
-175.288 82.6951 966.859 0.729 0.7998 0.63 0.748 -0.204
-214.898 81.2831 977.565 0.7368 0.8853 -0.661 0.717 0.232
-189.443 81.2831 972.375 0.7275 0.832 -0.044 1 0.016
-219.044 81.2831 887.985 0.9658 0.8306 -0.103 0.732 -0.675
-128.499 82.6951 1111.41 0.282 0.8047 0.582 0.78 -0.22
-175.288 82.6951 966.859 0.729 0.7998 0.63 0.748 -0.204
-189.443 81.2831 972.375 0.7275 0.832 -0.044 1 0.016
-246.081 76.5964 887.702 0.9883 0.894 -0.659 -0.567 -0.498
-214.899 76.5964 977.566 0.7358 0.8931 -0.661 -0.717 0.232
-214.898 81.2831 977.565 0.7368 0.8853 -0.661 0.717 0.232
-214.899 76.5964 977.566 0.7358 0.8931 -0.661 -0.717 0.232
-246.081 76.5964 887.702 0.9883 0.894 -0.659 -0.567 -0.498
-219.044 76.5964 887.985 0.9624 0.9468 -0.076 -0.74 -0.668
-189.443 81.2831 972.375 0.7275 0.832 -0.044 1 0.016
-214.898 81.2831 977.565 0.7368 0.8853 -0.661 0.717 0.232
-162.412 81.2831 1123.7 0.281 0.8828 -0.659 0.717 0.24
-162.412 81.2831 1123.7 0.281 0.8828 -0.659 0.717 0.24
-214.898 81.2831 977.565 0.7368 0.8853 -0.661 0.717 0.232
-214.899 76.5964 977.566 0.7358 0.8931 -0.661 -0.717 0.232
-189.443 81.2831 972.375 0.7275 0.832 -0.044 1 0.016
-137.138 81.2831 1114.59 0.2815 0.8242 -0.067 1 0.024
-128.499 82.6951 1111.41 0.282 0.8047 0.582 0.78 -0.22
-162.412 81.2831 1123.7 0.281 0.8828 -0.659 0.717 0.24
-137.138 81.2831 1114.59 0.2815 0.8242 -0.067 1 0.024
-189.443 81.2831 972.375 0.7275 0.832 -0.044 1 0.016
-111.773 82.6951 1150.14 0.17 0.7988 0.569 0.756 -0.324
-128.499 82.6951 1111.41 0.282 0.8047 0.582 0.78 -0.22
-137.138 81.2831 1114.59 0.2815 0.8242 -0.067 1 0.024
-214.899 76.5964 977.566 0.7358 0.8931 -0.661 -0.717 0.232
-162.415 76.5964 1123.7 0.28 0.8955 -0.659 -0.717 0.24
-162.412 81.2831 1123.7 0.281 0.8828 -0.659 0.717 0.24
-137.138 81.2831 1114.59 0.2815 0.8242 -0.067 1 0.024
-121.459 81.2831 1153.6 0.1702 0.8213 -0.083 1 -0.02
-111.773 82.6951 1150.14 0.17 0.7988 0.569 0.756 -0.324
-137.138 81.2831 1114.59 0.2815 0.8242 -0.067 1 0.024
-162.412 81.2831 1123.7 0.281 0.8828 -0.659 0.717 0.24
-147.787 81.2831 1163 0.17 0.8809 -0.671 0.709 0.228
-147.787 81.2831 1163 0.17 0.8809 -0.671 0.709 0.228
-162.412 81.2831 1123.7 0.281 0.8828 -0.659 0.717 0.24
-162.415 76.5964 1123.7 0.28 0.8955 -0.659 -0.717 0.24
-147.787 81.2831 1163 0.17 0.8809 -0.671 0.709 0.228
-121.459 81.2831 1153.6 0.1702 0.8213 -0.083 1 -0.02
-137.138 81.2831 1114.59 0.2815 0.8242 -0.067 1 0.024
-86.859 88.8761 1197.95 0.0274 0.7871 0.668 0.685 0.293
-111.773 82.6951 1150.14 0.17 0.7988 0.569 0.756 -0.324
-121.459 81.2831 1153.6 0.1702 0.8213 -0.083 1 -0.02
-162.415 76.5964 1123.7 0.28 0.8955 -0.659 -0.717 0.24
-214.899 76.5964 977.566 0.7358 0.8931 -0.661 -0.717 0.232
-189.444 76.5964 972.376 0.7246 0.9458 0 -1 -0
-219.044 76.5964 887.985 0.9624 0.9468 -0.076 -0.74 -0.668
-189.444 76.5964 972.376 0.7246 0.9458 0 -1 -0
-214.899 76.5964 977.566 0.7358 0.8931 -0.661 -0.717 0.232
-91.9012 82.0257 1199.92 0.0211 0.8027 0.133 -0.646 0.756
-86.859 82.7773 1197.95 0.0149 0.7925 0.801 -0.504 0.312
-86.859 88.8761 1197.95 0.0274 0.7871 0.668 0.685 0.293
-175.289 76.5964 966.859 0.7246 0.978 0.659 -0.717 -0.215
-189.444 76.5964 972.376 0.7246 0.9458 0 -1 -0
-219.044 76.5964 887.985 0.9624 0.9468 -0.076 -0.74 -0.668
-219.044 76.5964 887.985 0.9624 0.9468 -0.076 -0.74 -0.668
-202.724 76.5964 883.986 0.957 0.9819 0.377 -0.591 -0.715
-175.289 76.5964 966.859 0.7246 0.978 0.659 -0.717 -0.215
-175.289 76.5964 966.859 0.7246 0.978 0.659 -0.717 -0.215
-202.724 76.5964 883.986 0.957 0.9819 0.377 -0.591 -0.715
-202.724 82.6951 883.986 0.9565 0.9951 0.357 0.614 -0.7
-202.724 82.6951 883.986 0.9565 0.9951 0.357 0.614 -0.7
-175.288 82.6951 966.859 0.7241 0.9912 0.63 0.748 -0.204
-175.289 76.5964 966.859 0.7246 0.978 0.659 -0.717 -0.215
-86.859 88.8761 1197.95 0.0274 0.7871 0.668 0.685 0.293
-91.9012 87.4274 1199.92 0.028 0.7983 -0.026 0.622 0.78
-91.9012 82.0257 1199.92 0.0211 0.8027 0.133 -0.646 0.756
-121.459 81.2831 1153.6 0.1702 0.8213 -0.083 1 -0.02
-91.9012 87.4274 1199.92 0.028 0.7983 -0.026 0.622 0.78
-86.859 88.8761 1197.95 0.0274 0.7871 0.668 0.685 0.293
-91.9012 82.0257 1199.92 0.0211 0.8027 0.133 -0.646 0.756
-91.9012 87.4274 1199.92 0.028 0.7983 -0.026 0.622 0.78
-103.695 86.3422 1197.85 0.0438 0.8218 0.11 0.866 0.488
-121.459 81.2831 1153.6 0.1702 0.8213 -0.083 1 -0.02
-103.695 86.3422 1197.85 0.0438 0.8218 0.11 0.866 0.488
-91.9012 87.4274 1199.92 0.028 0.7983 -0.026 0.622 0.78
-103.695 86.3422 1197.85 0.0438 0.8218 0.11 0.866 0.488
-103.695 81.6554 1197.85 0.0356 0.8223 0.215 -0.795 0.567
-91.9012 82.0257 1199.92 0.0211 0.8027 0.133 -0.646 0.756
-120.769 86.3422 1216.92 0.0125 0.8711 0.417 0.685 0.594
-103.695 86.3422 1197.85 0.0438 0.8218 0.11 0.866 0.488
-121.459 81.2831 1153.6 0.1702 0.8213 -0.083 1 -0.02
-103.695 81.6554 1197.85 0.0356 0.8223 0.215 -0.795 0.567
-103.695 86.3422 1197.85 0.0438 0.8218 0.11 0.866 0.488
-120.769 86.3422 1216.92 0.0125 0.8711 0.417 0.685 0.594
-120.769 86.3422 1216.92 0.0125 0.8711 0.417 0.685 0.594
-121.459 81.2831 1153.6 0.1702 0.8213 -0.083 1 -0.02
-147.787 81.2831 1163 0.17 0.8809 -0.671 0.709 0.228
-120.769 86.3422 1216.92 0.0125 0.8711 0.417 0.685 0.594
-120.769 81.6554 1216.92 0.0036 0.8672 0.444 -0.63 0.643
-103.695 81.6554 1197.85 0.0356 0.8223 0.215 -0.795 0.567
-125.427 81.6554 1218.73 0.0005 0.8779 -0.305 -0.559 0.773
-120.769 81.6554 1216.92 0.0036 0.8672 0.444 -0.63 0.643
-120.769 86.3422 1216.92 0.0125 0.8711 0.417 0.685 0.594
-120.769 86.3422 1216.92 0.0125 0.8711 0.417 0.685 0.594
-125.427 86.3422 1218.73 0.0107 0.8804 -0.314 0.606 0.726
-125.427 81.6554 1218.73 0.0005 0.8779 -0.305 -0.559 0.773
-147.787 81.2831 1163 0.17 0.8809 -0.671 0.709 0.228
-125.427 86.3422 1218.73 0.0107 0.8804 -0.314 0.606 0.726
-120.769 86.3422 1216.92 0.0125 0.8711 0.417 0.685 0.594
-125.427 86.3422 1218.73 0.0107 0.8804 -0.314 0.606 0.726
-147.787 81.2831 1163 0.17 0.8809 -0.671 0.709 0.228
-147.79 76.5964 1163 0.1692 0.8916 -0.635 -0.724 0.281
-162.415 76.5964 1123.7 0.28 0.8955 -0.659 -0.717 0.24
-147.79 76.5964 1163 0.1692 0.8916 -0.635 -0.724 0.281
-147.787 81.2831 1163 0.17 0.8809 -0.671 0.709 0.228
-147.79 76.5964 1163 0.1692 0.8916 -0.635 -0.724 0.281
-125.427 81.6554 1218.73 0.0098 0.8896 -0.305 -0.559 0.773
-125.427 86.3422 1218.73 0.0107 0.8804 -0.314 0.606 0.726
-120.769 81.6554 1216.92 0.0092 0.8994 0.444 -0.63 0.643
-125.427 81.6554 1218.73 0.0098 0.8896 -0.305 -0.559 0.773
-147.79 76.5964 1163 0.1692 0.8916 -0.635 -0.724 0.281
-147.79 76.5964 1163 0.1692 0.8916 -0.635 -0.724 0.281
-162.415 76.5964 1123.7 0.28 0.8955 -0.659 -0.717 0.24
-137.141 76.5964 1114.59 0.2778 0.9536 0 -1 -0
-189.444 76.5964 972.376 0.7246 0.9458 0 -1 -0
-137.141 76.5964 1114.59 0.2778 0.9536 0 -1 -0
-162.415 76.5964 1123.7 0.28 0.8955 -0.659 -0.717 0.24
-137.141 76.5964 1114.59 0.2778 0.9536 0 -1 -0
-189.444 76.5964 972.376 0.7246 0.9458 0 -1 -0
-175.289 76.5964 966.859 0.7246 0.978 0.659 -0.717 -0.215
-147.79 76.5964 1163 0.1692 0.8916 -0.635 -0.724 0.281
-121.463 76.5964 1153.6 0.1656 0.9507 0.024 -1 0.042
-120.769 81.6554 1216.92 0.0092 0.8994 0.444 -0.63 0.643
-137.141 76.5964 1114.59 0.2778 0.9536 0 -1 -0
-121.463 76.5964 1153.6 0.1656 0.9507 0.024 -1 0.042
-147.79 76.5964 1163 0.1692 0.8916 -0.635 -0.724 0.281
-121.463 76.5964 1153.6 0.1656 0.9507 0.024 -1 0.042
-103.695 81.6554 1197.85 0.0388 0.9482 0.215 -0.795 0.567
-120.769 81.6554 1216.92 0.0092 0.8994 0.444 -0.63 0.643
-91.9012 82.0257 1199.92 0.0218 0.9692 0.133 -0.646 0.756
-103.695 81.6554 1197.85 0.0388 0.9482 0.215 -0.795 0.567
-121.463 76.5964 1153.6 0.1656 0.9507 0.024 -1 0.042
-86.859 82.7773 1197.95 0.0215 0.981 0.801 -0.504 0.312
-91.9012 82.0257 1199.92 0.0218 0.9692 0.133 -0.646 0.756
-121.463 76.5964 1153.6 0.1656 0.9507 0.024 -1 0.042
-175.289 76.5964 966.859 0.7246 0.978 0.659 -0.717 -0.215
-128.503 76.5964 1111.41 0.2771 0.9736 0.641 -0.732 -0.242
-137.141 76.5964 1114.59 0.2778 0.9536 0 -1 -0
-121.463 76.5964 1153.6 0.1656 0.9507 0.024 -1 0.042
-137.141 76.5964 1114.59 0.2778 0.9536 0 -1 -0
-128.503 76.5964 1111.41 0.2771 0.9736 0.641 -0.732 -0.242
-128.503 76.5964 1111.41 0.2771 0.9736 0.641 -0.732 -0.242
-175.289 76.5964 966.859 0.7246 0.978 0.659 -0.717 -0.215
-175.288 82.6951 966.859 0.7241 0.9912 0.63 0.748 -0.204
-175.288 82.6951 966.859 0.7241 0.9912 0.63 0.748 -0.204
-128.499 82.6951 1111.41 0.2769 0.9868 0.582 0.78 -0.22
-128.503 76.5964 1111.41 0.2771 0.9736 0.641 -0.732 -0.242
-128.503 76.5964 1111.41 0.2771 0.9736 0.641 -0.732 -0.242
-111.776 76.5964 1150.14 0.1644 0.9727 0.631 -0.74 -0.246
-121.463 76.5964 1153.6 0.1656 0.9507 0.024 -1 0.042
-111.776 76.5964 1150.14 0.1644 0.9727 0.631 -0.74 -0.246
-128.503 76.5964 1111.41 0.2771 0.9736 0.641 -0.732 -0.242
-128.499 82.6951 1111.41 0.2769 0.9868 0.582 0.78 -0.22
-121.463 76.5964 1153.6 0.1656 0.9507 0.024 -1 0.042
-111.776 76.5964 1150.14 0.1644 0.9727 0.631 -0.74 -0.246
-86.859 82.7773 1197.95 0.0215 0.981 0.801 -0.504 0.312
-128.499 82.6951 1111.41 0.2769 0.9868 0.582 0.78 -0.22
-111.773 82.6951 1150.14 0.1646 0.9858 0.569 0.756 -0.324
-111.776 76.5964 1150.14 0.1644 0.9727 0.631 -0.74 -0.246
-86.859 82.7773 1197.95 0.0215 0.981 0.801 -0.504 0.312
-111.776 76.5964 1150.14 0.1644 0.9727 0.631 -0.74 -0.246
-111.773 82.6951 1150.14 0.1646 0.9858 0.569 0.756 -0.324
-111.773 82.6951 1150.14 0.1646 0.9858 0.569 0.756 -0.324
-86.859 88.8761 1197.95 0.0219 0.9941 0.668 0.685 0.293
-86.859 82.7773 1197.95 0.0215 0.981 0.801 -0.504 0.312
-18.8272 77.1985 1253.34 0.9873 0.1597 0.208 -0.772 0.595
-5.3946 78.4149 1253.12 0.999 0.181 0.717 -0.528 0.451
-5.3946 84.6521 1253.12 0.9888 0.187 0.647 0.622 0.443
-5.3946 84.6521 1253.12 0.9888 0.187 0.647 0.622 0.443
-18.8272 81.8852 1253.34 0.978 0.1614 0.108 0.74 0.665
-18.8272 77.1985 1253.34 0.9873 0.1597 0.208 -0.772 0.595
-46.7209 77.1985 1269.44 0.9966 0.0992 -0.253 -0.567 0.779
-18.8272 77.1985 1253.34 0.9873 0.1597 0.208 -0.772 0.595
-18.8272 81.8852 1253.34 0.978 0.1614 0.108 0.74 0.665
-18.8272 81.8852 1253.34 0.978 0.1614 0.108 0.74 0.665
-46.7209 83.8589 1269.44 0.9834 0.099 -0.241 0.598 0.766
-46.7209 77.1985 1269.44 0.9966 0.0992 -0.253 -0.567 0.779
-18.8272 81.8852 1253.34 0.978 0.1614 0.108 0.74 0.665
-5.3946 84.6521 1253.12 0.9888 0.187 0.647 0.622 0.443
-49.1709 82.4358 1163.11 0.7861 0.1827 0.588 0.764 -0.273
-49.1709 82.4358 1163.11 0.7861 0.1827 0.588 0.764 -0.273
-5.3946 84.6521 1253.12 0.9888 0.187 0.647 0.622 0.443
-5.3946 78.4149 1253.12 0.9888 0.1995 0.717 -0.528 0.451
-5.3946 78.4149 1253.12 0.9888 0.1995 0.717 -0.528 0.451
-49.1709 76.1987 1163.11 0.7861 0.1953 0.64 -0.717 -0.291
-49.1709 82.4358 1163.11 0.7861 0.1827 0.588 0.764 -0.273
-49.1709 76.1987 1163.11 0.7861 0.1953 0.64 -0.717 -0.291
-75.1582 76.5964 1105.04 0.6572 0.1981 0.225 -0.567 -0.786
-75.1582 82.8336 1105.04 0.6567 0.1853 0.213 0.598 -0.773
-75.1582 82.8336 1105.04 0.6567 0.1853 0.213 0.598 -0.773
-49.1709 82.4358 1163.11 0.7861 0.1827 0.588 0.764 -0.273
-49.1709 76.1987 1163.11 0.7861 0.1953 0.64 -0.717 -0.291
-49.1709 82.4358 1163.11 0.7861 0.1827 0.588 0.764 -0.273
-65.5368 80.4127 1168.6 0.7817 0.1484 -0.007 1 0.003
-18.8272 81.8852 1253.34 0.978 0.1614 0.108 0.74 0.665
-65.5368 80.4127 1168.6 0.7817 0.1484 -0.007 1 0.003
-49.1709 82.4358 1163.11 0.7861 0.1827 0.588 0.764 -0.273
-75.1582 82.8336 1105.04 0.6567 0.1853 0.213 0.598 -0.773
-83.908 82.3863 1178.6 0.7842 0.1049 -0.598 0.756 0.268
-46.7209 83.8589 1269.44 0.9834 0.099 -0.241 0.598 0.766
-18.8272 81.8852 1253.34 0.978 0.1614 0.108 0.74 0.665
-18.8272 81.8852 1253.34 0.978 0.1614 0.108 0.74 0.665
-65.5368 80.4127 1168.6 0.7817 0.1484 -0.007 1 0.003
-83.908 82.3863 1178.6 0.7842 0.1049 -0.598 0.756 0.268
-75.1582 82.8336 1105.04 0.6567 0.1853 0.213 0.598 -0.773
-94.5521 81.2831 1117.03 0.6621 0.14 -0.281 0.717 -0.635
-65.5368 80.4127 1168.6 0.7817 0.1484 -0.007 1 0.003
-94.5521 81.2831 1117.03 0.6621 0.14 -0.281 0.717 -0.635
-75.1582 82.8336 1105.04 0.6567 0.1853 0.213 0.598 -0.773
-75.1582 76.5964 1105.04 0.6445 0.1836 0.225 -0.567 -0.786
-75.1582 76.5964 1105.04 0.6445 0.1836 0.225 -0.567 -0.786
-94.5521 76.5964 1117.03 0.6523 0.1405 -0.293 -0.732 -0.622
-94.5521 81.2831 1117.03 0.6621 0.14 -0.281 0.717 -0.635
-65.5368 80.4127 1168.6 0.7817 0.1484 -0.007 1 0.003
-94.5521 81.2831 1117.03 0.6621 0.14 -0.281 0.717 -0.635
-112.084 83.2567 1122.98 0.6577 0.1033 -0.721 0.614 -0.324
-112.084 83.2567 1122.98 0.6577 0.1033 -0.721 0.614 -0.324
-94.5521 81.2831 1117.03 0.6621 0.14 -0.281 0.717 -0.635
-94.5521 76.5964 1117.03 0.6523 0.1405 -0.293 -0.732 -0.622
-112.084 83.2567 1122.98 0.6577 0.1033 -0.721 0.614 -0.324
-83.908 82.3863 1178.6 0.7842 0.1049 -0.598 0.756 0.268
-65.5368 80.4127 1168.6 0.7817 0.1484 -0.007 1 0.003
-94.5521 76.5964 1117.03 0.6523 0.1405 -0.293 -0.732 -0.622
-112.084 76.5964 1122.98 0.6445 0.106 -0.754 -0.575 -0.321
-112.084 83.2567 1122.98 0.6577 0.1033 -0.721 0.614 -0.324
-83.908 82.3863 1178.6 0.7842 0.1049 -0.598 0.756 0.268
-112.084 83.2567 1122.98 0.6577 0.1033 -0.721 0.614 -0.324
-112.084 76.5964 1122.98 0.6577 0.0905 -0.754 -0.575 -0.321
-46.7209 83.8589 1269.44 0.9834 0.099 -0.241 0.598 0.766
-83.908 82.3863 1178.6 0.7842 0.1049 -0.598 0.756 0.268
-83.908 75.726 1178.6 0.7842 0.0878 -0.625 -0.732 0.286
-112.084 76.5964 1122.98 0.6577 0.0905 -0.754 -0.575 -0.321
-83.908 75.726 1178.6 0.7842 0.0878 -0.625 -0.732 0.286
-83.908 82.3863 1178.6 0.7842 0.1049 -0.598 0.756 0.268
-83.908 75.726 1178.6 0.7842 0.0878 -0.625 -0.732 0.286
-46.7209 77.1985 1269.44 0.9834 0.0917 -0.253 -0.567 0.779
-46.7209 83.8589 1269.44 0.9834 0.099 -0.241 0.598 0.766
-18.8272 77.1985 1253.34 0.9775 0.032 0.208 -0.772 0.595
-46.7209 77.1985 1269.44 0.9834 0.0917 -0.253 -0.567 0.779
-83.908 75.726 1178.6 0.7842 0.0878 -0.625 -0.732 0.286
-65.5368 75.726 1168.6 0.7817 0.0451 0.015 -1 -0.005
-83.908 75.726 1178.6 0.7842 0.0878 -0.625 -0.732 0.286
-112.084 76.5964 1122.98 0.6577 0.0905 -0.754 -0.575 -0.321
-83.908 75.726 1178.6 0.7842 0.0878 -0.625 -0.732 0.286
-65.5368 75.726 1168.6 0.7817 0.0451 0.015 -1 -0.005
-18.8272 77.1985 1253.34 0.9775 0.032 0.208 -0.772 0.595
-112.084 76.5964 1122.98 0.6577 0.0905 -0.754 -0.575 -0.321
-94.5521 76.5964 1117.03 0.6616 0.0542 -0.293 -0.732 -0.622
-65.5368 75.726 1168.6 0.7817 0.0451 0.015 -1 -0.005
-65.5368 75.726 1168.6 0.7817 0.0451 0.015 -1 -0.005
-94.5521 76.5964 1117.03 0.6616 0.0542 -0.293 -0.732 -0.622
-75.1582 76.5964 1105.04 0.6563 0.00950003 0.225 -0.567 -0.786
-75.1582 76.5964 1105.04 0.6563 0.00950003 0.225 -0.567 -0.786
-49.1709 76.1987 1163.11 0.7856 0.0113 0.64 -0.717 -0.291
-65.5368 75.726 1168.6 0.7817 0.0451 0.015 -1 -0.005
-18.8272 77.1985 1253.34 0.9775 0.032 0.208 -0.772 0.595
-65.5368 75.726 1168.6 0.7817 0.0451 0.015 -1 -0.005
-49.1709 76.1987 1163.11 0.7856 0.0113 0.64 -0.717 -0.291
-49.1709 76.1987 1163.11 0.7856 0.0113 0.64 -0.717 -0.291
-5.3946 78.4149 1253.12 0.9888 0.00800002 0.717 -0.528 0.451
-18.8272 77.1985 1253.34 0.9775 0.032 0.208 -0.772 0.595
