Vertex Count: 108

Data:

-478.151 78.6093 545.898 0.6235 0.2076 0.937 -0.535 -0.304
-516.534 77.3907 531.81 0.5146 0.1935 -0.15 0.622 -0.817
-478.151 85.0623 545.898 0.624 0.1943 0.838 0.638 -0.307
-705.807 73.5954 510.198 0.0005 0.1086 -0.985 -0.551 0.22
-705.807 78.2821 510.198 0.0099 0.1074 -0.953 0.583 0.223
-685.756 77.9852 469.668 0.0231 0.1956 -0.416 0.591 -0.822
-705.807 78.2821 510.198 0.0099 0.1074 -0.953 0.583 0.223
-678.152 76.2189 520.583 0.09 0.1073 -0.228 0.685 0.688
-685.756 77.9852 469.668 0.0231 0.1956 -0.416 0.591 -0.822
-705.807 73.5954 510.198 0.0107 0.0986 -0.985 -0.551 0.22
-678.152 76.2189 520.583 0.09 0.1073 -0.228 0.685 0.688
-705.807 78.2821 510.198 0.0099 0.1074 -0.953 0.583 0.223
-664.336 77.9852 479.513 0.0868 0.1917 0.274 0.724 -0.629
-685.756 77.9852 469.668 0.0231 0.1956 -0.416 0.591 -0.822
-678.152 76.2189 520.583 0.09 0.1073 -0.228 0.685 0.688
-685.756 77.9852 469.668 0.0231 0.1956 -0.416 0.591 -0.822
-664.336 77.9852 479.513 0.0868 0.1917 0.274 0.724 -0.629
-685.756 71.5322 469.668 0.0237 0.2085 -0.438 -0.591 -0.822
-664.336 71.5322 479.513 0.0871 0.2048 0.247 -0.717 -0.648
-685.756 71.5322 469.668 0.0237 0.2085 -0.438 -0.591 -0.822
-664.336 77.9852 479.513 0.0868 0.1917 0.274 0.724 -0.629
-664.336 77.9852 479.513 0.0868 0.1917 0.274 0.724 -0.629
-529.005 77.3907 527.227 0.4739 0.1936 0.634 0.638 -0.515
-664.336 71.5322 479.513 0.0871 0.2048 0.247 -0.717 -0.648
-678.152 76.2189 520.583 0.09 0.1073 -0.228 0.685 0.688
-529.005 77.3907 527.227 0.4739 0.1936 0.634 0.638 -0.515
-664.336 77.9852 479.513 0.0868 0.1917 0.274 0.724 -0.629
-529.005 70.9377 527.227 0.4761 0.205 0.64 -0.63 -0.53
-664.336 71.5322 479.513 0.0871 0.2048 0.247 -0.717 -0.648
-529.005 77.3907 527.227 0.4739 0.1936 0.634 0.638 -0.515
-529.005 70.9377 527.227 0.4761 0.205 0.64 -0.63 -0.53
-529.005 77.3907 527.227 0.4739 0.1936 0.634 0.638 -0.515
-526.379 70.9377 537.478 0.4929 0.1919 0.175 -0.906 -0.389
-526.379 77.3907 537.478 0.4927 0.179 0.152 0.921 -0.355
-526.379 70.9377 537.478 0.4929 0.1919 0.175 -0.906 -0.389
-529.005 77.3907 527.227 0.4739 0.1936 0.634 0.638 -0.515
-526.379 70.9377 537.478 0.4929 0.1919 0.175 -0.906 -0.389
-526.379 77.3907 537.478 0.4927 0.179 0.152 0.921 -0.355
-516.534 70.9377 531.81 0.5122 0.2052 -0.041 -0.654 -0.777
-536.546 75.6244 569.37 0.4956 0.1107 -0.29 0.685 0.674
-529.005 77.3907 527.227 0.4739 0.1936 0.634 0.638 -0.515
-678.152 76.2189 520.583 0.09 0.1073 -0.228 0.685 0.688
-536.546 75.6244 569.37 0.4956 0.1107 -0.29 0.685 0.674
-526.379 77.3907 537.478 0.4927 0.179 0.152 0.921 -0.355
-529.005 77.3907 527.227 0.4739 0.1936 0.634 0.638 -0.515
-516.534 77.3907 531.81 0.5146 0.1935 -0.15 0.622 -0.817
-516.534 70.9377 531.81 0.5122 0.2052 -0.041 -0.654 -0.777
-526.379 77.3907 537.478 0.4927 0.179 0.152 0.921 -0.355
-516.534 77.3907 531.81 0.5146 0.1935 -0.15 0.622 -0.817
-526.379 77.3907 537.478 0.4927 0.179 0.152 0.921 -0.355
-536.546 75.6244 569.37 0.4956 0.1107 -0.29 0.685 0.674
-516.534 77.3907 531.81 0.5146 0.1935 -0.15 0.622 -0.817
-478.151 78.6093 545.898 0.6235 0.2076 0.937 -0.535 -0.304
-516.534 70.9377 531.81 0.5122 0.2052 -0.041 -0.654 -0.777
-685.756 77.9852 469.668 0.0231 0.1956 -0.416 0.591 -0.822
-685.756 71.5322 469.668 0.0101 0.1976 -0.438 -0.591 -0.822
-705.807 73.5954 510.198 0.0005 0.1086 -0.985 -0.551 0.22
-478.151 85.0623 545.898 0.624 0.1943 0.838 0.638 -0.307
-516.534 77.3907 531.81 0.5146 0.1935 -0.15 0.622 -0.817
-490.44 81.3862 587.519 0.6304 0.1089 0.536 0.583 0.798
-536.546 75.6244 569.37 0.4956 0.1107 -0.29 0.685 0.674
-490.44 81.3862 587.519 0.6304 0.1089 0.536 0.583 0.798
-516.534 77.3907 531.81 0.5146 0.1935 -0.15 0.622 -0.817
-478.151 78.6093 545.898 0.6372 0.1945 0.937 -0.535 -0.304
-478.151 85.0623 545.898 0.624 0.1943 0.838 0.638 -0.307
-490.44 81.3862 587.519 0.6304 0.1089 0.536 0.583 0.798
-490.44 81.3862 587.519 0.6304 0.1089 0.536 0.583 0.798
-490.44 76.6995 587.519 0.6401 0.1089 0.585 -0.551 0.816
-478.151 78.6093 545.898 0.6372 0.1945 0.937 -0.535 -0.304
-490.44 81.3862 587.519 0.6304 0.1089 0.536 0.583 0.798
-536.546 75.6244 569.37 0.4956 0.1107 -0.29 0.685 0.674
-490.44 76.6995 587.519 0.6299 0.1001 0.585 -0.551 0.816
-478.151 78.6093 545.898 0.623 0.0152 0.937 -0.535 -0.304
-490.44 76.6995 587.519 0.6299 0.1001 0.585 -0.551 0.816
-516.534 70.9377 531.81 0.5122 0.015 -0.041 -0.654 -0.777
-536.546 70.9377 569.37 0.4961 0.0981 -0.198 -0.724 0.665
-516.534 70.9377 531.81 0.5122 0.015 -0.041 -0.654 -0.777
-490.44 76.6995 587.519 0.6299 0.1001 0.585 -0.551 0.816
-536.546 70.9377 569.37 0.4961 0.0981 -0.198 -0.724 0.665
-490.44 76.6995 587.519 0.6299 0.1001 0.585 -0.551 0.816
-536.546 75.6244 569.37 0.4956 0.1107 -0.29 0.685 0.674
-536.546 70.9377 569.37 0.4961 0.0981 -0.198 -0.724 0.665
-526.379 70.9377 537.478 0.4924 0.0319 0.175 -0.906 -0.389
-516.534 70.9377 531.81 0.5122 0.015 -0.041 -0.654 -0.777
-529.005 70.9377 527.227 0.4763 0.0139 0.64 -0.63 -0.53
-526.379 70.9377 537.478 0.4924 0.0319 0.175 -0.906 -0.389
-536.546 70.9377 569.37 0.4961 0.0981 -0.198 -0.724 0.665
-536.546 70.9377 569.37 0.4961 0.0981 -0.198 -0.724 0.665
-536.546 75.6244 569.37 0.4956 0.1107 -0.29 0.685 0.674
-678.152 71.5322 520.583 0.0908 0.0995 -0.252 -0.709 0.662
-536.546 70.9377 569.37 0.4961 0.0981 -0.198 -0.724 0.665
-678.152 71.5322 520.583 0.0908 0.0995 -0.252 -0.709 0.662
-529.005 70.9377 527.227 0.4763 0.0139 0.64 -0.63 -0.53
-678.152 71.5322 520.583 0.0908 0.0995 -0.252 -0.709 0.662
-536.546 75.6244 569.37 0.4956 0.1107 -0.29 0.685 0.674
-678.152 76.2189 520.583 0.09 0.1073 -0.228 0.685 0.688
-664.336 71.5322 479.513 0.088 0.0153 0.247 -0.717 -0.648
-529.005 70.9377 527.227 0.4763 0.0139 0.64 -0.63 -0.53
-678.152 71.5322 520.583 0.0908 0.0995 -0.252 -0.709 0.662
-678.152 71.5322 520.583 0.0908 0.0995 -0.252 -0.709 0.662
-678.152 76.2189 520.583 0.09 0.1073 -0.228 0.685 0.688
-705.807 73.5954 510.198 0.0107 0.0986 -0.985 -0.551 0.22
-664.336 71.5322 479.513 0.088 0.0153 0.247 -0.717 -0.648
-678.152 71.5322 520.583 0.0908 0.0995 -0.252 -0.709 0.662
-685.756 71.5322 469.668 0.0244 0.0107 -0.438 -0.591 -0.822
-705.807 73.5954 510.198 0.0107 0.0986 -0.985 -0.551 0.22
-685.756 71.5322 469.668 0.0244 0.0107 -0.438 -0.591 -0.822
-678.152 71.5322 520.583 0.0908 0.0995 -0.252 -0.709 0.662
