Vertex Count: 96

Data:

-4.162 -81.7856 25.3411 1.9883 0.187 -0.606 -0.638 0.472
-1.3951 -76.7228 11.9786 1.9775 0.1614 -0.732 -0.669 -0.134
2.0752 -81.7856 25.3412 1.999 0.181 0.535 -0.685 0.488
3.6893 18.179 19.943 1.7852 0.0113 0.701 0.024 0.709
3.2916 -76.7228 11.9786 1.9775 0.032 0.772 -0.638 -0.055
4.162 19.5396 1.4651 1.7813 0.0451 1 0 0.016
3.6893 18.179 19.943 1.7852 0.0113 0.701 0.024 0.709
4.162 19.5396 1.4651 1.7813 0.0451 1 0 0.016
3.2916 81.7856 18.6874 1.6563 0.00950003 0.567 0.63 0.535
3.2916 78.3533 -5.5152 1.6611 0.0542 0.724 0.685 -0.024
3.2916 81.7856 18.6874 1.6563 0.00950003 0.567 0.63 0.535
4.162 19.5396 1.4651 1.7813 0.0451 1 0 0.016
4.162 17.5341 -20.8918 1.7842 0.0878 0.717 -0.016 -0.693
4.162 19.5396 1.4651 1.7813 0.0451 1 0 0.016
3.2916 -76.7228 11.9786 1.9775 0.032 0.772 -0.638 -0.055
4.162 19.5396 1.4651 1.7813 0.0451 1 0 0.016
4.162 17.5341 -20.8918 1.7842 0.0878 0.717 -0.016 -0.693
3.2916 78.3533 -5.5152 1.6611 0.0542 0.724 0.685 -0.024
3.2916 -76.7228 11.9786 1.9775 0.032 0.772 -0.638 -0.055
3.2916 -80.6117 -22.3524 1.9834 0.0917 0.567 -0.614 -0.551
4.162 17.5341 -20.8918 1.7842 0.0878 0.717 -0.016 -0.693
3.2916 79.7421 -25.3411 1.6572 0.0905 0.567 0.583 -0.583
3.2916 78.3533 -5.5152 1.6611 0.0542 0.724 0.685 -0.024
4.162 17.5341 -20.8918 1.7842 0.0878 0.717 -0.016 -0.693
4.162 17.5341 -20.8918 1.7842 0.0878 0.717 -0.016 -0.693
3.2916 -80.6117 -22.3524 1.9834 0.0917 0.567 -0.614 -0.551
-2.4983 17.5341 -20.8918 1.7842 0.1049 -0.74 -0.016 -0.669
4.162 17.5341 -20.8918 1.7842 0.0878 0.717 -0.016 -0.693
-2.4983 17.5341 -20.8918 1.7842 0.1049 -0.74 -0.016 -0.669
3.2916 79.7421 -25.3411 1.6572 0.0905 0.567 0.583 -0.583
-3.3688 -80.6117 -22.3524 1.9834 0.099 -0.591 -0.606 -0.535
-2.4983 17.5341 -20.8918 1.7842 0.1049 -0.74 -0.016 -0.669
3.2916 -80.6117 -22.3524 1.9834 0.0917 0.567 -0.614 -0.551
3.2916 79.7421 -25.3411 1.6572 0.0905 0.567 0.583 -0.583
-2.4983 17.5341 -20.8918 1.7842 0.1049 -0.74 -0.016 -0.669
-3.3688 79.7421 -25.3411 1.6572 0.1033 -0.598 0.575 -0.559
-3.3688 -80.6117 -22.3524 1.9834 0.099 -0.591 -0.606 -0.535
-1.3951 -76.7228 11.9786 1.9775 0.1614 -0.732 -0.669 -0.134
-2.4983 17.5341 -20.8918 1.7842 0.1049 -0.74 -0.016 -0.669
3.2916 -80.6117 -22.3524 1.9961 0.0992 0.567 -0.614 -0.551
-1.3951 -76.7228 11.9786 1.9775 0.1614 -0.732 -0.669 -0.134
-3.3688 -80.6117 -22.3524 1.9834 0.099 -0.591 -0.606 -0.535
3.2916 -76.7228 11.9786 1.9873 0.1597 0.772 -0.638 -0.055
-1.3951 -76.7228 11.9786 1.9775 0.1614 -0.732 -0.669 -0.134
3.2916 -80.6117 -22.3524 1.9961 0.0992 0.567 -0.614 -0.551
3.2916 -76.7228 11.9786 1.9873 0.1597 0.772 -0.638 -0.055
2.0752 -81.7856 25.3412 1.999 0.181 0.535 -0.685 0.488
-1.3951 -76.7228 11.9786 1.9775 0.1614 -0.732 -0.669 -0.134
3.6893 18.179 19.943 1.7852 0.0113 0.701 0.024 0.709
2.0752 -81.7856 25.3412 1.9883 0.00800002 0.535 -0.685 0.488
3.2916 -76.7228 11.9786 1.9775 0.032 0.772 -0.638 -0.055
-3.3688 79.7421 -25.3411 1.6572 0.1033 -0.598 0.575 -0.559
-2.4983 17.5341 -20.8918 1.7842 0.1049 -0.74 -0.016 -0.669
-1.3951 78.3533 -5.5152 1.6621 0.14 -0.717 0.701 -0.016
-3.3688 79.7421 -25.3411 1.6572 0.1033 -0.598 0.575 -0.559
-1.3951 78.3533 -5.5152 1.6621 0.14 -0.717 0.701 -0.016
3.2916 79.7421 -25.3411 1.6445 0.106 0.567 0.583 -0.583
3.2916 78.3533 -5.5152 1.6523 0.1405 0.724 0.685 -0.024
3.2916 79.7421 -25.3411 1.6445 0.106 0.567 0.583 -0.583
-1.3951 78.3533 -5.5152 1.6621 0.14 -0.717 0.701 -0.016
3.2916 78.3533 -5.5152 1.6523 0.1405 0.724 0.685 -0.024
-1.3951 78.3533 -5.5152 1.6621 0.14 -0.717 0.701 -0.016
3.2916 81.7856 18.6874 1.6445 0.1836 0.567 0.63 0.535
-2.9456 81.7856 18.6874 1.6563 0.1853 -0.598 0.622 0.512
3.2916 81.7856 18.6874 1.6445 0.1836 0.567 0.63 0.535
-1.3951 78.3533 -5.5152 1.6621 0.14 -0.717 0.701 -0.016
-0.5247 19.5396 1.4651 1.7813 0.1484 -1 0 -0.016
-1.3951 78.3533 -5.5152 1.6621 0.14 -0.717 0.701 -0.016
-2.4983 17.5341 -20.8918 1.7842 0.1049 -0.74 -0.016 -0.669
-2.9456 81.7856 18.6874 1.6563 0.1853 -0.598 0.622 0.512
-1.3951 78.3533 -5.5152 1.6621 0.14 -0.717 0.701 -0.016
-0.5247 19.5396 1.4651 1.7813 0.1484 -1 0 -0.016
-2.4983 17.5341 -20.8918 1.7842 0.1049 -0.74 -0.016 -0.669
-1.3951 -76.7228 11.9786 1.9775 0.1614 -0.732 -0.669 -0.134
-0.5247 19.5396 1.4651 1.7813 0.1484 -1 0 -0.016
-0.5247 19.5396 1.4651 1.7813 0.1484 -1 0 -0.016
-2.5479 18.179 19.943 1.7861 0.1827 -0.748 0.024 0.661
-2.9456 81.7856 18.6874 1.6563 0.1853 -0.598 0.622 0.512
-2.5479 18.179 19.943 1.7861 0.1827 -0.748 0.024 0.661
-0.5247 19.5396 1.4651 1.7813 0.1484 -1 0 -0.016
-1.3951 -76.7228 11.9786 1.9775 0.1614 -0.732 -0.669 -0.134
-1.3951 -76.7228 11.9786 1.9775 0.1614 -0.732 -0.669 -0.134
-4.162 -81.7856 25.3411 1.9883 0.187 -0.606 -0.638 0.472
-2.5479 18.179 19.943 1.7861 0.1827 -0.748 0.024 0.661
-2.9456 81.7856 18.6874 1.6563 0.1853 -0.598 0.622 0.512
-2.5479 18.179 19.943 1.7861 0.1827 -0.748 0.024 0.661
3.2916 81.7856 18.6874 1.6572 0.1981 0.567 0.63 0.535
-2.5479 18.179 19.943 1.7861 0.1827 -0.748 0.024 0.661
-4.162 -81.7856 25.3411 1.9883 0.187 -0.606 -0.638 0.472
2.0752 -81.7856 25.3412 1.9883 0.1995 0.535 -0.685 0.488
3.6893 18.179 19.943 1.7861 0.1953 0.701 0.024 0.709
3.2916 81.7856 18.6874 1.6572 0.1981 0.567 0.63 0.535
-2.5479 18.179 19.943 1.7861 0.1827 -0.748 0.024 0.661
-2.5479 18.179 19.943 1.7861 0.1827 -0.748 0.024 0.661
2.0752 -81.7856 25.3412 1.9883 0.1995 0.535 -0.685 0.488
3.6893 18.179 19.943 1.7861 0.1953 0.701 0.024 0.709
