Vertex Count: 1410

Data:

-91.7688 -15.3367 -219.012 0.425 0.0735 -0.024 -0.173 -0.984
-76.1153 -6.892 -216.169 0.4299 0.095 0.165 0.079 -0.984
-87.0607 -21.7395 -214.849 0.4153 0.0773 0.063 -0.535 -0.843
6.3197 -167.703 -77.2023 0.2793 0.1781 0.921 0.016 -0.386
-0.6158 -145.55 -97.3706 0.2786 0.2166 0.929 0.055 -0.362
16.8879 -146.417 -51.1793 0.2357 0.1721 0.921 0.039 -0.378
0.7348 -87.5724 -82.1698 0.2142 0.2551 0.921 0.094 -0.37
16.8879 -146.417 -51.1793 0.2357 0.1721 0.921 0.039 -0.378
-0.6158 -145.55 -97.3706 0.2786 0.2166 0.929 0.055 -0.362
-9.4264 -122.878 -115.76 0.2766 0.2546 0.921 0.094 -0.37
0.7348 -87.5724 -82.1698 0.2142 0.2551 0.921 0.094 -0.37
-0.6158 -145.55 -97.3706 0.2786 0.2166 0.929 0.055 -0.362
-15.3814 -64.7069 -112.425 0.224 0.3057 0.913 0.142 -0.386
0.7348 -87.5724 -82.1698 0.2142 0.2551 0.921 0.094 -0.37
-9.4264 -122.878 -115.76 0.2766 0.2546 0.921 0.094 -0.37
-28.4733 -90.0125 -152.897 0.2842 0.3206 0.906 0.165 -0.394
-15.3814 -64.7069 -112.425 0.224 0.3057 0.913 0.142 -0.386
-9.4264 -122.878 -115.76 0.2766 0.2546 0.921 0.094 -0.37
-15.3814 -64.7069 -112.425 0.224 0.3057 0.913 0.142 -0.386
-28.4733 -90.0125 -152.897 0.2842 0.3206 0.906 0.165 -0.394
-47.9715 -21.8607 -163.326 0.2382 0.3975 0.89 0.228 -0.394
-59.6364 -35.7563 -197.319 0.2825 0.4165 0.882 0.252 -0.394
-47.9715 -21.8607 -163.326 0.2382 0.3975 0.89 0.228 -0.394
-28.4733 -90.0125 -152.897 0.2842 0.3206 0.906 0.165 -0.394
-65.6219 0.3618 -184.168 0.2406 0.4414 0.787 0.504 -0.354
-47.9715 -21.8607 -163.326 0.2382 0.3975 0.89 0.228 -0.394
-59.6364 -35.7563 -197.319 0.2825 0.4165 0.882 0.252 -0.394
-65.6219 0.3618 -184.168 0.2406 0.4414 0.787 0.504 -0.354
-59.6364 -35.7563 -197.319 0.2825 0.4165 0.882 0.252 -0.394
-70.995 -16.2515 -210.963 0.2798 0.4495 0.882 0.283 -0.37
-65.6219 0.3618 -184.168 0.2406 0.4414 0.787 0.504 -0.354
-70.995 -16.2515 -210.963 0.2798 0.4495 0.882 0.283 -0.37
-76.1153 -6.892 -216.169 0.2771 0.4644 0.803 0.488 -0.339
-77.4141 -0.6396 -212.386 0.2688 0.4673 0.638 0.717 -0.291
-65.6219 0.3618 -184.168 0.2406 0.4414 0.787 0.504 -0.354
-76.1153 -6.892 -216.169 0.2771 0.4644 0.803 0.488 -0.339
-65.6219 0.3618 -184.168 0.2406 0.4414 0.787 0.504 -0.354
-77.4141 -0.6396 -212.386 0.2688 0.4673 0.638 0.717 -0.291
-69.2614 1.2397 -181.2 0.2362 0.4438 0.638 0.717 -0.291
78.0107 123.029 -170.412 0.5317 0.9546 0.961 0.26 0.063
78.6575 114.134 -143.051 0.501 0.9731 0.969 0.26 0.055
81.2398 111.301 -171.669 0.521 0.9434 0.969 0.26 0.055
78.6575 114.134 -143.051 0.501 0.9731 0.969 0.26 0.055
91.7477 66.1079 -149.892 0.4595 0.9263 0.969 0.252 0.047
81.2398 111.301 -171.669 0.521 0.9434 0.969 0.26 0.055
78.6575 114.134 -143.051 0.501 0.9731 0.969 0.26 0.055
85.052 84.8145 -111.708 0.447 0.9785 0.969 0.252 0.047
91.7477 66.1079 -149.892 0.4595 0.9263 0.969 0.252 0.047
91.7477 66.1079 -149.892 0.4595 0.9263 0.969 0.252 0.047
85.052 84.8145 -111.708 0.447 0.9785 0.969 0.252 0.047
103.136 15.7518 -121.942 0.3875 0.9106 0.969 0.244 0.031
95.9073 38.4877 -76.461 0.3733 0.9736 0.969 0.244 0.031
103.136 15.7518 -121.942 0.3875 0.9106 0.969 0.244 0.031
85.052 84.8145 -111.708 0.447 0.9785 0.969 0.252 0.047
103.136 15.7518 -121.942 0.3875 0.9106 0.969 0.244 0.031
95.9073 38.4877 -76.461 0.3733 0.9736 0.969 0.244 0.031
122.436 -70.249 -78.8633 0.2686 0.8804 0.969 0.236 0.008
110.003 -25.0718 -1.3266 0.2507 0.9922 0.969 0.236 0.008
122.436 -70.249 -78.8633 0.2686 0.8804 0.969 0.236 0.008
95.9073 38.4877 -76.461 0.3733 0.9736 0.969 0.244 0.031
122.436 -70.249 -78.8633 0.2686 0.8804 0.969 0.236 0.008
110.003 -25.0718 -1.3266 0.2507 0.9922 0.969 0.236 0.008
137.328 -139.958 -47.606 0.175 0.853 0.976 0.22 -0
126.016 -85.5756 58.3295 0.1431 0.999 0.976 0.22 -0
137.328 -139.958 -47.606 0.175 0.853 0.976 0.22 -0
110.003 -25.0718 -1.3266 0.2507 0.9922 0.969 0.236 0.008
137.328 -139.958 -47.606 0.175 0.853 0.976 0.22 -0
126.016 -85.5756 58.3295 0.1431 0.999 0.976 0.22 -0
142.596 -159.173 -30.6662 0.1427 0.8535 0.992 -0.094 -0.016
132.429 -120.254 86.6131 0.0864 0.9976 0.976 0.22 0.008
142.596 -159.173 -30.6662 0.1427 0.8535 0.992 -0.094 -0.016
126.016 -85.5756 58.3295 0.1431 0.999 0.976 0.22 -0
142.596 -159.173 -30.6662 0.1427 0.8535 0.992 -0.094 -0.016
132.429 -120.254 86.6131 0.0864 0.9976 0.976 0.22 0.008
143.317 -169.031 126.65 0.0055 0.9951 0.992 0.15 0.008
142.596 -159.173 -30.6662 0.1427 0.8535 0.992 -0.094 -0.016
143.317 -169.031 126.65 0.0055 0.9951 0.992 0.15 0.008
134.25 -169.214 -26.7415 0.1279 0.8472 0.756 -0.646 -0.047
44.0325 -171.159 138.062 0.416 0.8623 -0.984 0.189 -0.024
42.8175 -168.448 190.575 0.3618 0.8999 -0.984 0.189 -0.024
56.9114 -104.267 146.953 0.3557 0.8013 -0.976 0.213 -0.047
56.9114 -104.267 146.953 0.3557 0.8013 -0.976 0.213 -0.047
55.9981 -113.104 99.5212 0.4097 0.7744 -0.976 0.22 -0.063
44.0325 -171.159 138.062 0.416 0.8623 -0.984 0.189 -0.024
56.9114 -104.267 146.953 0.3557 0.8013 -0.976 0.213 -0.047
74.7323 -37.5776 101.814 0.3484 0.6987 -0.961 0.252 -0.126
55.9981 -113.104 99.5212 0.4097 0.7744 -0.976 0.22 -0.063
55.9981 -113.104 99.5212 0.4097 0.7744 -0.976 0.22 -0.063
74.7323 -37.5776 101.814 0.3484 0.6987 -0.961 0.252 -0.126
79.5461 -48.1431 54.8423 0.4026 0.6719 -0.945 0.244 -0.205
79.5461 -48.1431 54.8423 0.4026 0.6719 -0.945 0.244 -0.205
74.7323 -37.5776 101.814 0.3484 0.6987 -0.961 0.252 -0.126
98.3392 17.59 52.9378 0.3533 0.6021 -0.874 0.449 -0.181
108.8 18.3184 11.304 0.3933 0.5664 -0.929 0.291 -0.236
98.3392 17.59 52.9378 0.3533 0.6021 -0.874 0.449 -0.181
104.395 21.7989 50.6952 0.3511 0.5928 -0.598 0.787 -0.134
98.3392 17.59 52.9378 0.3533 0.6021 -0.874 0.449 -0.181
108.8 18.3184 11.304 0.3933 0.5664 -0.929 0.291 -0.236
79.5461 -48.1431 54.8423 0.4026 0.6719 -0.945 0.244 -0.205
108.8 18.3184 11.304 0.3933 0.5664 -0.929 0.291 -0.236
105.579 -13.6345 -1.6521 0.4312 0.5874 -0.929 0.228 -0.291
79.5461 -48.1431 54.8423 0.4026 0.6719 -0.945 0.244 -0.205
78.5437 -60.9209 46.8253 0.4204 0.6782 -0.929 0.228 -0.291
79.5461 -48.1431 54.8423 0.4026 0.6719 -0.945 0.244 -0.205
105.579 -13.6345 -1.6521 0.4312 0.5874 -0.929 0.228 -0.291
-149.42 -169.067 -43.4148 0.4331 0.1938 -0.031 -0.465 -0.89
-148.3 -161.369 -47.4683 0.4355 0.1832 -0.024 -0.465 -0.89
-90.3263 -167.997 -45.8895 0.5068 0.1989 -0.024 -0.457 -0.89
-148.3 -161.369 -47.4683 0.4355 0.1832 -0.024 -0.465 -0.89
-140.914 -143.444 -57.1284 0.4473 0.1588 -0.024 -0.457 -0.89
-90.3263 -167.997 -45.8895 0.5068 0.1989 -0.024 -0.457 -0.89
-92.6892 -140.265 -60.0161 0.5078 0.1598 -0.024 -0.465 -0.89
-90.3263 -167.997 -45.8895 0.5068 0.1989 -0.024 -0.457 -0.89
-140.914 -143.444 -57.1284 0.4473 0.1588 -0.024 -0.457 -0.89
-140.914 -143.444 -57.1284 0.4473 0.1588 -0.024 -0.457 -0.89
-130.042 -121.749 -68.7269 0.4639 0.1296 -0.087 -0.339 -0.937
-92.6892 -140.265 -60.0161 0.5078 0.1598 -0.024 -0.465 -0.89
-98.4258 -113.327 -73.9163 0.5044 0.1213 0 -0.299 -0.953
-92.6892 -140.265 -60.0161 0.5078 0.1598 -0.024 -0.465 -0.89
-130.042 -121.749 -68.7269 0.4639 0.1296 -0.087 -0.339 -0.937
-130.042 -121.749 -68.7269 0.4639 0.1296 -0.087 -0.339 -0.937
-106.817 -108.071 -75.1323 0.4946 0.1139 -0.071 -0.094 -0.992
-98.4258 -113.327 -73.9163 0.5044 0.1213 0 -0.299 -0.953
-100.8 -92.7997 -74.1215 0.5029 0.0954 0.102 0.024 -0.992
-98.4258 -113.327 -73.9163 0.5044 0.1213 0 -0.299 -0.953
-106.817 -108.071 -75.1323 0.4946 0.1139 -0.071 -0.094 -0.992
-128.176 -112.106 -69.3435 0.4668 0.1177 -0.268 0.016 -0.961
-106.817 -108.071 -75.1323 0.4946 0.1139 -0.071 -0.094 -0.992
-130.042 -121.749 -68.7269 0.4639 0.1296 -0.087 -0.339 -0.937
-100.8 -92.7997 -74.1215 0.5029 0.0954 0.102 0.024 -0.992
-106.817 -108.071 -75.1323 0.4946 0.1139 -0.071 -0.094 -0.992
-107.871 -97.8718 -74.4771 0.4939 0.1012 -0.024 0.024 -1
-128.176 -112.106 -69.3435 0.4668 0.1177 -0.268 0.016 -0.961
-107.871 -97.8718 -74.4771 0.4939 0.1012 -0.024 0.024 -1
-106.817 -108.071 -75.1323 0.4946 0.1139 -0.071 -0.094 -0.992
-89.3914 -169.232 -73.5757 0.459 0.8491 0.016 -1 0.079
-15.5453 -169.366 -91.38 0.4231 0.7612 0.016 -1 0.079
-95.9354 -168.38 -58.4448 0.4788 0.854 0.016 -1 0.047
-15.5453 -169.366 -91.38 0.4231 0.7612 0.016 -1 0.079
6.3197 -167.703 -77.2023 0.4365 0.7314 0.016 -1 0.039
-95.9354 -168.38 -58.4448 0.4788 0.854 0.016 -1 0.047
-95.9354 -168.38 -58.4448 0.4788 0.854 0.016 -1 0.047
6.3197 -167.703 -77.2023 0.4365 0.7314 0.016 -1 0.039
-90.3263 -167.997 -45.8895 0.4934 0.8447 0.008 -1 0.016
22.5623 -166.491 -43.6524 0.4751 0.7051 -0.008 -1 -0
-90.3263 -167.997 -45.8895 0.4934 0.8447 0.008 -1 0.016
6.3197 -167.703 -77.2023 0.4365 0.7314 0.016 -1 0.039
-32.6591 -167.688 133.986 0.7046 0.7402 0.071 -1 0.016
-37.362 -168.428 133.3 0.7046 0.7461 0 -1 -0.008
22.5623 -166.491 -43.6524 0.4751 0.7051 -0.008 -1 -0
-37.362 -168.428 133.3 0.7046 0.7461 0 -1 -0.008
-43.3763 -167.868 134.115 0.707 0.7534 -0.031 -1 -0.016
22.5623 -166.491 -43.6524 0.4751 0.7051 -0.008 -1 -0
-32.6591 -167.688 133.986 0.7046 0.7402 0.071 -1 0.016
22.5623 -166.491 -43.6524 0.4751 0.7051 -0.008 -1 -0
44.0325 -171.159 138.062 0.6953 0.6445 -0.008 -1 -0
-43.3763 -167.868 134.115 0.707 0.7534 -0.031 -1 -0.016
-90.3263 -167.997 -45.8895 0.4934 0.8447 0.008 -1 0.016
22.5623 -166.491 -43.6524 0.4751 0.7051 -0.008 -1 -0
92.8002 -169.023 -44.0438 0.4614 0.6182 -0.016 -1 -0.016
44.0325 -171.159 138.062 0.6953 0.6445 -0.008 -1 -0
22.5623 -166.491 -43.6524 0.4751 0.7051 -0.008 -1 -0
134.25 -169.214 -26.7415 0.4751 0.564 0.016 -1 -0.008
44.0325 -171.159 138.062 0.6953 0.6445 -0.008 -1 -0
92.8002 -169.023 -44.0438 0.4614 0.6182 -0.016 -1 -0.016
143.317 -169.031 126.65 0.6626 0.5239 0.016 -1 -0
44.0325 -171.159 138.062 0.6953 0.6445 -0.008 -1 -0
134.25 -169.214 -26.7415 0.4751 0.564 0.016 -1 -0.008
143.317 -169.031 126.65 0.6626 0.5239 0.016 -1 -0
150.447 -168.943 144.841 0.6841 0.5117 0.016 -1 0.016
44.0325 -171.159 138.062 0.6953 0.6445 -0.008 -1 -0
42.8175 -168.448 190.575 0.7607 0.6362 0.008 -1 0.016
44.0325 -171.159 138.062 0.6953 0.6445 -0.008 -1 -0
150.447 -168.943 144.841 0.6841 0.5117 0.016 -1 0.016
150.955 -168.412 200.333 0.7524 0.5005 0.008 -1 0.016
42.8175 -168.448 190.575 0.7607 0.6362 0.008 -1 0.016
150.447 -168.943 144.841 0.6841 0.5117 0.016 -1 0.016
50.628 -169.086 204.927 0.7769 0.6235 0.008 -1 -0
42.8175 -168.448 190.575 0.7607 0.6362 0.008 -1 0.016
150.955 -168.412 200.333 0.7524 0.5005 0.008 -1 0.016
142.975 -167.834 219.012 0.7769 0.5068 0.008 -1 -0
50.628 -169.086 204.927 0.7769 0.6235 0.008 -1 -0
150.955 -168.412 200.333 0.7524 0.5005 0.008 -1 0.016
-43.3763 -167.868 134.115 0.707 0.7534 -0.031 -1 -0.016
-163.975 -168.385 134.254 0.7295 0.9023 0.008 -1 0.055
-172.125 -169.166 120.287 0.7139 0.915 0.008 -1 0.016
-43.3763 -167.868 134.115 0.707 0.7534 -0.031 -1 -0.016
-172.125 -169.166 120.287 0.7139 0.915 0.008 -1 0.016
-171.774 -167.922 12.6798 0.5806 0.9346 0.008 -1 -0
-90.3263 -167.997 -45.8895 0.4934 0.8447 0.008 -1 0.016
-43.3763 -167.868 134.115 0.707 0.7534 -0.031 -1 -0.016
-171.774 -167.922 12.6798 0.5806 0.9346 0.008 -1 -0
-149.42 -169.067 -43.4148 0.5073 0.9175 0.016 -1 0.031
-90.3263 -167.997 -45.8895 0.4934 0.8447 0.008 -1 0.016
-171.774 -167.922 12.6798 0.5806 0.9346 0.008 -1 -0
-159.072 -169.037 -36.2321 0.5181 0.9282 0.016 -1 0.031
-149.42 -169.067 -43.4148 0.5073 0.9175 0.016 -1 0.031
-171.774 -167.922 12.6798 0.5806 0.9346 0.008 -1 -0
70.2139 89.0936 -35.8203 0.6763 0.1395 -0.37 0.457 -0.803
78.1743 78.4758 -41.2208 0.6689 0.1555 -0.063 0.394 -0.921
-8.3422 50.2861 -17.5526 0.5889 0.0681 -0.37 0.457 -0.803
-13.4006 43.687 -23.3172 0.5771 0.07 -0.331 0.433 -0.843
-8.3422 50.2861 -17.5526 0.5889 0.0681 -0.37 0.457 -0.803
78.1743 78.4758 -41.2208 0.6689 0.1555 -0.063 0.394 -0.921
78.1743 78.4758 -41.2208 0.6689 0.1555 -0.063 0.394 -0.921
70.1298 41.3767 -54.2399 0.6216 0.1731 0.087 0.346 -0.937
-13.4006 43.687 -23.3172 0.5771 0.07 -0.331 0.433 -0.843
-14.1193 31.7907 -31.2662 0.562 0.0797 -0.307 0.417 -0.858
-13.4006 43.687 -23.3172 0.5771 0.07 -0.331 0.433 -0.843
70.1298 41.3767 -54.2399 0.6216 0.1731 0.087 0.346 -0.937
78.1743 78.4758 -41.2208 0.6689 0.1555 -0.063 0.394 -0.921
88.8943 69.5185 -36.873 0.6694 0.174 0.48 0.205 -0.85
70.1298 41.3767 -54.2399 0.6216 0.1731 0.087 0.346 -0.937
80.6674 35.5828 -50.0134 0.625 0.1888 0.48 0.205 -0.85
70.1298 41.3767 -54.2399 0.6216 0.1731 0.087 0.346 -0.937
88.8943 69.5185 -36.873 0.6694 0.174 0.48 0.205 -0.85
-61.0088 -89.6922 56.5639 0.3357 0.4263 -0.984 0.181 0.016
-59.5493 -81.397 52.6104 0.3389 0.4375 -0.984 0.165 0.016
-61.018 -79.4079 -76.3131 0.2169 0.543 -0.992 0.142 0.008
-61.018 -79.4079 -76.3131 0.2169 0.543 -0.992 0.142 0.008
-59.5493 -81.397 52.6104 0.3389 0.4375 -0.984 0.165 0.016
-57.7681 -62.4661 30.2181 0.3328 0.4739 -0.992 0.118 0.016
-61.018 -79.4079 -76.3131 0.2169 0.543 -0.992 0.142 0.008
-57.7681 -62.4661 30.2181 0.3328 0.4739 -0.992 0.118 0.016
-52.8319 -28.3478 3.9566 0.3352 0.5278 -0.992 0.134 0.016
-61.018 -79.4079 -76.3131 0.2169 0.543 -0.992 0.142 0.008
-52.8319 -28.3478 3.9566 0.3352 0.5278 -0.992 0.134 0.016
-59.159 -63.6992 -91.319 0.2152 0.5703 -0.953 0.016 -0.299
-59.159 -63.6992 -91.319 0.2152 0.5703 -0.953 0.016 -0.299
-52.8319 -28.3478 3.9566 0.3352 0.5278 -0.992 0.134 0.016
-49.2947 4.9568 -17.4571 0.3418 0.5771 -0.992 0.126 0.016
-43.9338 -63.5124 -96.7632 0.1993 0.5815 -0.543 -0.22 -0.811
-59.159 -63.6992 -91.319 0.2152 0.5703 -0.953 0.016 -0.299
-39.0674 3.8639 -123.479 0.2349 0.665 -0.661 -0.213 -0.724
-59.159 -63.6992 -91.319 0.2152 0.5703 -0.953 0.016 -0.299
-49.2947 4.9568 -17.4571 0.3418 0.5771 -0.992 0.126 0.016
-49.8255 11.3522 -113.498 0.2546 0.6606 -0.929 -0.039 -0.362
-49.8255 11.3522 -113.498 0.2546 0.6606 -0.929 -0.039 -0.362
-39.0674 3.8639 -123.479 0.2349 0.665 -0.661 -0.213 -0.724
-59.159 -63.6992 -91.319 0.2152 0.5703 -0.953 0.016 -0.299
-42.6209 58.7517 -59.7207 0.345 0.6631 -0.992 0.134 0.024
-49.8255 11.3522 -113.498 0.2546 0.6606 -0.929 -0.039 -0.362
-49.2947 4.9568 -17.4571 0.3418 0.5771 -0.992 0.126 0.016
-49.8255 11.3522 -113.498 0.2546 0.6606 -0.929 -0.039 -0.362
-31.0799 108.72 -169.801 0.2778 0.8018 -0.811 -0.165 -0.567
-39.0674 3.8639 -123.479 0.2349 0.665 -0.661 -0.213 -0.724
-42.6209 58.7517 -59.7207 0.345 0.6631 -0.992 0.134 0.024
-34.1776 129.269 -117.408 0.3472 0.7773 -0.992 0.134 0.039
-49.8255 11.3522 -113.498 0.2546 0.6606 -0.929 -0.039 -0.362
-31.0799 108.72 -169.801 0.2778 0.8018 -0.811 -0.165 -0.567
-49.8255 11.3522 -113.498 0.2546 0.6606 -0.929 -0.039 -0.362
-38.4083 114.242 -160.406 0.2937 0.7974 -0.961 -0.016 -0.283
-38.4083 114.242 -160.406 0.2937 0.7974 -0.961 -0.016 -0.283
-49.8255 11.3522 -113.498 0.2546 0.6606 -0.929 -0.039 -0.362
-34.1776 129.269 -117.408 0.3472 0.7773 -0.992 0.134 0.039
-31.0799 108.72 -169.801 0.2778 0.8018 -0.811 -0.165 -0.567
-38.4083 114.242 -160.406 0.2937 0.7974 -0.961 -0.016 -0.283
-26.2567 150.595 -189.083 0.2939 0.8579 -0.74 0.197 -0.646
-38.4083 114.242 -160.406 0.2937 0.7974 -0.961 -0.016 -0.283
-34.1776 129.269 -117.408 0.3472 0.7773 -0.992 0.134 0.039
-33.6108 155.38 -178.058 0.3103 0.8511 -0.898 0.197 -0.386
-33.6108 155.38 -178.058 0.3103 0.8511 -0.898 0.197 -0.386
-26.2567 150.595 -189.083 0.2939 0.8579 -0.74 0.197 -0.646
-38.4083 114.242 -160.406 0.2937 0.7974 -0.961 -0.016 -0.283
-26.2567 150.595 -189.083 0.2939 0.8579 -0.74 0.197 -0.646
-33.6108 155.38 -178.058 0.3103 0.8511 -0.898 0.197 -0.386
-12.7313 159.305 -194.477 0.2925 0.8794 -0.606 0.425 -0.669
-31.8526 164.58 -173.575 0.3218 0.8569 -0.85 0.37 -0.37
-33.6108 155.38 -178.058 0.3103 0.8511 -0.898 0.197 -0.386
-34.1776 129.269 -117.408 0.3472 0.7773 -0.992 0.134 0.039
-12.7495 169.555 -189.223 0.3059 0.8848 -0.614 0.449 -0.646
-12.7313 159.305 -194.477 0.2925 0.8794 -0.606 0.425 -0.669
-33.6108 155.38 -178.058 0.3103 0.8511 -0.898 0.197 -0.386
-33.6108 155.38 -178.058 0.3103 0.8511 -0.898 0.197 -0.386
-31.8526 164.58 -173.575 0.3218 0.8569 -0.85 0.37 -0.37
-12.7495 169.555 -189.223 0.3059 0.8848 -0.614 0.449 -0.646
-21.9426 171.159 -177.562 0.3206 0.873 -0.63 0.48 -0.614
-12.7495 169.555 -189.223 0.3059 0.8848 -0.614 0.449 -0.646
-31.8526 164.58 -173.575 0.3218 0.8569 -0.85 0.37 -0.37
78.0107 123.029 -170.412 0.7959 0.5073 0.701 0.685 0.205
64.5333 137.99 -173.919 0.8184 0.4937 0.48 0.827 0.283
78.6575 114.134 -143.051 0.8003 0.5439 0.732 0.63 0.252
78.6575 114.134 -143.051 0.8003 0.5439 0.732 0.63 0.252
64.5333 137.99 -173.919 0.8184 0.4937 0.48 0.827 0.283
69.056 119.455 -128.242 0.8203 0.5552 0.52 0.709 0.472
78.6575 114.134 -143.051 0.8003 0.5439 0.732 0.63 0.252
69.056 119.455 -128.242 0.8203 0.5552 0.52 0.709 0.472
85.052 84.8145 -111.708 0.793 0.5986 0.78 0.504 0.37
64.5333 137.99 -173.919 0.8184 0.4937 0.48 0.827 0.283
27.622 156.711 -185.63 0.8657 0.4653 0.378 0.874 0.307
69.056 119.455 -128.242 0.8203 0.5552 0.52 0.709 0.472
76.6303 92.6741 -104.383 0.8101 0.5991 0.528 0.614 0.591
85.052 84.8145 -111.708 0.793 0.5986 0.78 0.504 0.37
69.056 119.455 -128.242 0.8203 0.5552 0.52 0.709 0.472
-2.0283 150.801 -133.247 0.9116 0.5244 0.079 0.843 0.535
69.056 119.455 -128.242 0.8203 0.5552 0.52 0.709 0.472
27.622 156.711 -185.63 0.8657 0.4653 0.378 0.874 0.307
76.6303 92.6741 -104.383 0.8101 0.5991 0.528 0.614 0.591
80.0458 66.1131 -79.8716 0.8052 0.6445 0.496 0.614 0.614
85.052 84.8145 -111.708 0.793 0.5986 0.78 0.504 0.37
95.9073 38.4877 -76.461 0.7754 0.6709 0.756 0.528 0.386
85.052 84.8145 -111.708 0.793 0.5986 0.78 0.504 0.37
80.0458 66.1131 -79.8716 0.8052 0.6445 0.496 0.614 0.614
69.056 119.455 -128.242 0.8203 0.5552 0.52 0.709 0.472
-25.8829 124.238 -104.531 0.9414 0.5723 -0.197 0.693 0.693
76.6303 92.6741 -104.383 0.8101 0.5991 0.528 0.614 0.591
-2.0283 150.801 -133.247 0.9116 0.5244 0.079 0.843 0.535
-25.8829 124.238 -104.531 0.9414 0.5723 -0.197 0.693 0.693
69.056 119.455 -128.242 0.8203 0.5552 0.52 0.709 0.472
-25.8829 124.238 -104.531 0.9414 0.5723 -0.197 0.693 0.693
-31.7967 66.5089 -57.6337 0.9463 0.665 -0.213 0.646 0.732
76.6303 92.6741 -104.383 0.8101 0.5991 0.528 0.614 0.591
80.0458 66.1131 -79.8716 0.8052 0.6445 0.496 0.614 0.614
76.6303 92.6741 -104.383 0.8101 0.5991 0.528 0.614 0.591
-31.7967 66.5089 -57.6337 0.9463 0.665 -0.213 0.646 0.732
-2.0283 150.801 -133.247 0.9116 0.5244 0.079 0.843 0.535
-34.1776 129.269 -117.408 0.9541 0.5557 -0.362 0.764 0.535
-25.8829 124.238 -104.531 0.9414 0.5723 -0.197 0.693 0.693
-25.8829 124.238 -104.531 0.9414 0.5723 -0.197 0.693 0.693
-34.1776 129.269 -117.408 0.9541 0.5557 -0.362 0.764 0.535
-31.7967 66.5089 -57.6337 0.9463 0.665 -0.213 0.646 0.732
-2.0283 150.801 -133.247 0.9116 0.5244 0.079 0.843 0.535
-31.8526 164.58 -173.575 0.9473 0.4712 -0.315 0.803 0.504
-34.1776 129.269 -117.408 0.9541 0.5557 -0.362 0.764 0.535
-42.6209 58.7517 -59.7207 0.9619 0.6709 -0.52 0.567 0.638
-31.7967 66.5089 -57.6337 0.9463 0.665 -0.213 0.646 0.732
-34.1776 129.269 -117.408 0.9541 0.5557 -0.362 0.764 0.535
-13.9445 171.156 -172.309 0.9238 0.4702 0.031 0.953 0.291
-31.8526 164.58 -173.575 0.9473 0.4712 -0.315 0.803 0.504
-2.0283 150.801 -133.247 0.9116 0.5244 0.079 0.843 0.535
-13.9445 171.156 -172.309 0.9238 0.4702 0.031 0.953 0.291
-2.0283 150.801 -133.247 0.9116 0.5244 0.079 0.843 0.535
27.622 156.711 -185.63 0.8657 0.4653 0.378 0.874 0.307
-21.9426 171.159 -177.562 0.9331 0.4631 -0.181 0.945 0.276
-31.8526 164.58 -173.575 0.9473 0.4712 -0.315 0.803 0.504
-13.9445 171.156 -172.309 0.9238 0.4702 0.031 0.953 0.291
-0.5151 169.066 -187.068 0.9038 0.4548 0.299 0.937 0.189
-13.9445 171.156 -172.309 0.9238 0.4702 0.031 0.953 0.291
27.622 156.711 -185.63 0.8657 0.4653 0.378 0.874 0.307
-21.9426 171.159 -177.562 0.9331 0.4631 -0.181 0.945 0.276
-13.9445 171.156 -172.309 0.9238 0.4702 0.031 0.953 0.291
-12.7495 169.555 -189.223 0.9189 0.4497 0.055 0.992 -0.087
-0.5151 169.066 -187.068 0.9038 0.4548 0.299 0.937 0.189
-12.7495 169.555 -189.223 0.9189 0.4497 0.055 0.992 -0.087
-13.9445 171.156 -172.309 0.9238 0.4702 0.031 0.953 0.291
-31.7967 66.5089 -57.6337 0.9463 0.665 -0.213 0.646 0.732
-42.6209 58.7517 -59.7207 0.9619 0.6709 -0.52 0.567 0.638
-35.2271 21.1571 -21.366 0.9492 0.7378 -0.244 0.614 0.748
-49.2947 4.9568 -17.4571 0.9688 0.7568 -0.488 0.543 0.685
-35.2271 21.1571 -21.366 0.9492 0.7378 -0.244 0.614 0.748
-42.6209 58.7517 -59.7207 0.9619 0.6709 -0.52 0.567 0.638
-31.7967 66.5089 -57.6337 0.9463 0.665 -0.213 0.646 0.732
-35.2271 21.1571 -21.366 0.9492 0.7378 -0.244 0.614 0.748
-14.1193 31.7907 -31.2662 0.9229 0.7192 0.087 0.646 0.756
-14.1193 31.7907 -31.2662 0.9229 0.7192 0.087 0.646 0.756
70.1298 41.3767 -54.2399 0.8169 0.689 0.157 0.677 0.724
-31.7967 66.5089 -57.6337 0.9463 0.665 -0.213 0.646 0.732
80.0458 66.1131 -79.8716 0.8052 0.6445 0.496 0.614 0.614
-31.7967 66.5089 -57.6337 0.9463 0.665 -0.213 0.646 0.732
70.1298 41.3767 -54.2399 0.8169 0.689 0.157 0.677 0.724
-24.1954 22.2326 -22.0499 0.9355 0.7363 0.031 0.622 0.78
-14.1193 31.7907 -31.2662 0.9229 0.7192 0.087 0.646 0.756
-35.2271 21.1571 -21.366 0.9492 0.7378 -0.244 0.614 0.748
70.1298 41.3767 -54.2399 0.8169 0.689 0.157 0.677 0.724
80.6674 35.5828 -50.0134 0.8037 0.6978 0.189 0.685 0.709
80.0458 66.1131 -79.8716 0.8052 0.6445 0.496 0.614 0.614
-23.061 9.4617 -12.5887 0.9341 0.7563 0 0.614 0.787
-24.1954 22.2326 -22.0499 0.9355 0.7363 0.031 0.622 0.78
-35.2271 21.1571 -21.366 0.9492 0.7378 -0.244 0.614 0.748
80.6674 35.5828 -50.0134 0.8037 0.6978 0.189 0.685 0.709
86.6555 35.4495 -52.5169 0.7959 0.6958 0.472 0.661 0.583
80.0458 66.1131 -79.8716 0.8052 0.6445 0.496 0.614 0.614
80.0458 66.1131 -79.8716 0.8052 0.6445 0.496 0.614 0.614
86.6555 35.4495 -52.5169 0.7959 0.6958 0.472 0.661 0.583
95.9073 38.4877 -76.461 0.7754 0.6709 0.756 0.528 0.386
-36.1525 8.9221 -11.5817 0.9502 0.7573 -0.26 0.598 0.756
-23.061 9.4617 -12.5887 0.9341 0.7563 0 0.614 0.787
-35.2271 21.1571 -21.366 0.9492 0.7378 -0.244 0.614 0.748
-49.2947 4.9568 -17.4571 0.9688 0.7568 -0.488 0.543 0.685
-36.1525 8.9221 -11.5817 0.9502 0.7573 -0.26 0.598 0.756
-35.2271 21.1571 -21.366 0.9492 0.7378 -0.244 0.614 0.748
-23.061 9.4617 -12.5887 0.9341 0.7563 0 0.614 0.787
-36.1525 8.9221 -11.5817 0.9502 0.7573 -0.26 0.598 0.756
-26.378 -26.6736 17.1534 0.9395 0.8149 -0.055 0.638 0.772
86.6555 35.4495 -52.5169 0.7959 0.6958 0.472 0.661 0.583
100.399 -7.8899 -14.6719 0.7783 0.7676 0.449 0.661 0.598
95.9073 38.4877 -76.461 0.7754 0.6709 0.756 0.528 0.386
80.6674 35.5828 -50.0134 0.8037 0.6978 0.189 0.685 0.709
100.399 -7.8899 -14.6719 0.7783 0.7676 0.449 0.661 0.598
86.6555 35.4495 -52.5169 0.7959 0.6958 0.472 0.661 0.583
78.1164 -28.8255 10.6811 0.8066 0.8086 0.283 0.598 0.748
100.399 -7.8899 -14.6719 0.7783 0.7676 0.449 0.661 0.598
80.6674 35.5828 -50.0134 0.8037 0.6978 0.189 0.685 0.709
100.399 -7.8899 -14.6719 0.7783 0.7676 0.449 0.661 0.598
110.003 -25.0718 -1.3266 0.7661 0.7949 0.15 0.669 0.724
95.9073 38.4877 -76.461 0.7754 0.6709 0.756 0.528 0.386
76.6087 -81.5083 52.3325 0.8081 0.8921 0.031 0.685 0.732
100.399 -7.8899 -14.6719 0.7783 0.7676 0.449 0.661 0.598
78.1164 -28.8255 10.6811 0.8066 0.8086 0.283 0.598 0.748
110.003 -25.0718 -1.3266 0.7661 0.7949 0.15 0.669 0.724
100.399 -7.8899 -14.6719 0.7783 0.7676 0.449 0.661 0.598
76.6087 -81.5083 52.3325 0.8081 0.8921 0.031 0.685 0.732
126.016 -85.5756 58.3295 0.7461 0.9014 -0.031 0.701 0.717
110.003 -25.0718 -1.3266 0.7661 0.7949 0.15 0.669 0.724
76.6087 -81.5083 52.3325 0.8081 0.8921 0.031 0.685 0.732
-34.4623 -26.042 15.7181 0.9497 0.813 -0.276 0.614 0.74
-26.378 -26.6736 17.1534 0.9395 0.8149 -0.055 0.638 0.772
-36.1525 8.9221 -11.5817 0.9502 0.7573 -0.26 0.598 0.756
-36.1525 8.9221 -11.5817 0.9502 0.7573 -0.26 0.598 0.756
-49.2947 4.9568 -17.4571 0.9688 0.7568 -0.488 0.543 0.685
-34.4623 -26.042 15.7181 0.9497 0.813 -0.276 0.614 0.74
-26.378 -26.6736 17.1534 0.9395 0.8149 -0.055 0.638 0.772
-34.4623 -26.042 15.7181 0.9497 0.813 -0.276 0.614 0.74
-32.2849 -60.0465 44.589 0.9468 0.8696 -0.079 0.646 0.756
-52.8319 -28.3478 3.9566 0.9761 0.8057 -0.512 0.543 0.661
-34.4623 -26.042 15.7181 0.9497 0.813 -0.276 0.614 0.74
-49.2947 4.9568 -17.4571 0.9688 0.7568 -0.488 0.543 0.685
-34.4623 -26.042 15.7181 0.9497 0.813 -0.276 0.614 0.74
-52.8319 -28.3478 3.9566 0.9761 0.8057 -0.512 0.543 0.661
-42.3597 -60.1003 43.3928 0.96 0.8682 -0.315 0.661 0.677
-42.3597 -60.1003 43.3928 0.96 0.8682 -0.315 0.661 0.677
-32.2849 -60.0465 44.589 0.9468 0.8696 -0.079 0.646 0.756
-34.4623 -26.042 15.7181 0.9497 0.813 -0.276 0.614 0.74
-57.7681 -62.4661 30.2181 0.9834 0.8589 -0.543 0.614 0.567
-42.3597 -60.1003 43.3928 0.96 0.8682 -0.315 0.661 0.677
-52.8319 -28.3478 3.9566 0.9761 0.8057 -0.512 0.543 0.661
-59.5493 -81.397 52.6104 0.9844 0.8955 -0.63 0.598 0.496
-42.3597 -60.1003 43.3928 0.96 0.8682 -0.315 0.661 0.677
-57.7681 -62.4661 30.2181 0.9834 0.8589 -0.543 0.614 0.567
-42.3597 -60.1003 43.3928 0.96 0.8682 -0.315 0.661 0.677
-53.4522 -84.3161 64.0432 0.9741 0.9077 -0.433 0.591 0.685
-32.2849 -60.0465 44.589 0.9468 0.8696 -0.079 0.646 0.756
-53.4522 -84.3161 64.0432 0.9741 0.9077 -0.433 0.591 0.685
-42.3597 -60.1003 43.3928 0.96 0.8682 -0.315 0.661 0.677
-59.5493 -81.397 52.6104 0.9844 0.8955 -0.63 0.598 0.496
-61.0088 -89.6922 56.5639 0.9888 0.9062 -0.772 0.417 0.48
-53.4522 -84.3161 64.0432 0.9741 0.9077 -0.433 0.591 0.685
-59.5493 -81.397 52.6104 0.9844 0.8955 -0.63 0.598 0.496
-61.0088 -89.6922 56.5639 0.9888 0.9062 -0.772 0.417 0.48
-59.8286 -93.847 63.0273 0.9858 0.916 -0.717 0.402 0.567
-53.4522 -84.3161 64.0432 0.9741 0.9077 -0.433 0.591 0.685
-53.4522 -84.3161 64.0432 0.9741 0.9077 -0.433 0.591 0.685
-38.657 -114.367 89.0485 0.958 0.957 -0.063 0.63 0.772
-32.2849 -60.0465 44.589 0.9468 0.8696 -0.079 0.646 0.756
-48.1879 -115.927 89.0998 0.9697 0.9585 -0.118 0.622 0.772
-53.4522 -84.3161 64.0432 0.9741 0.9077 -0.433 0.591 0.685
-59.8286 -93.847 63.0273 0.9858 0.916 -0.717 0.402 0.567
-48.1879 -115.927 89.0998 0.9697 0.9585 -0.118 0.622 0.772
-38.657 -114.367 89.0485 0.958 0.957 -0.063 0.63 0.772
-53.4522 -84.3161 64.0432 0.9741 0.9077 -0.433 0.591 0.685
-38.657 -114.367 89.0485 0.958 0.957 -0.063 0.63 0.772
-48.1879 -115.927 89.0998 0.9697 0.9585 -0.118 0.622 0.772
-42.2381 -137.585 107.585 0.9634 0.9941 -0.102 0.63 0.772
150.955 -168.412 200.333 0.8101 0.4517 0.929 0.165 0.339
147.771 -104.112 167.002 0.8345 0.3643 0.803 0.315 0.512
142.975 -167.834 219.012 0.8301 0.4673 0.843 0.283 0.457
147.771 -104.112 167.002 0.8345 0.3643 0.803 0.315 0.512
150.955 -168.412 200.333 0.8101 0.4517 0.929 0.165 0.339
157.888 -108.441 155.492 0.8154 0.3579 0.953 0.11 0.291
157.888 -108.441 155.492 0.8154 0.3579 0.953 0.11 0.291
150.955 -168.412 200.333 0.8101 0.4517 0.929 0.165 0.339
150.447 -168.943 144.841 0.7563 0.4077 0.992 -0.126 0.008
147.771 -104.112 167.002 0.8345 0.3643 0.803 0.315 0.512
157.888 -108.441 155.492 0.8154 0.3579 0.953 0.11 0.291
151.411 -75.3547 143.114 0.8345 0.3171 0.638 0.551 0.535
157.888 -108.441 155.492 0.8154 0.3579 0.953 0.11 0.291
150.447 -168.943 144.841 0.7563 0.4077 0.992 -0.126 0.008
158.514 -114.02 97.7852 0.7559 0.3169 0.992 -0.102 0.024
151.411 -75.3547 143.114 0.8345 0.3171 0.638 0.551 0.535
157.888 -108.441 155.492 0.8154 0.3579 0.953 0.11 0.291
160.984 -74.6947 132.28 0.8198 0.3071 0.827 0.488 0.291
157.888 -108.441 155.492 0.8154 0.3579 0.953 0.11 0.291
158.514 -114.02 97.7852 0.7559 0.3169 0.992 -0.102 0.024
160.984 -74.6947 132.28 0.8198 0.3071 0.827 0.488 0.291
151.411 -75.3547 143.114 0.8345 0.3171 0.638 0.551 0.535
160.984 -74.6947 132.28 0.8198 0.3071 0.827 0.488 0.291
149.31 -70.3093 131.559 0.832 0.3015 0.598 0.583 0.559
160.984 -74.6947 132.28 0.8198 0.3071 0.827 0.488 0.291
158.514 -114.02 97.7852 0.7559 0.3169 0.992 -0.102 0.024
163.233 -71.7733 85.9568 0.7788 0.2664 0.992 -0.094 0.047
162.493 -85.697 70.4423 0.7524 0.2673 0.992 -0.102 0.039
163.233 -71.7733 85.9568 0.7788 0.2664 0.992 -0.094 0.047
158.514 -114.02 97.7852 0.7559 0.3169 0.992 -0.102 0.024
158.158 -69.4482 120.258 0.8164 0.291 0.913 0.22 0.346
149.31 -70.3093 131.559 0.832 0.3015 0.598 0.583 0.559
160.984 -74.6947 132.28 0.8198 0.3071 0.827 0.488 0.291
158.158 -69.4482 120.258 0.8164 0.291 0.913 0.22 0.346
160.984 -74.6947 132.28 0.8198 0.3071 0.827 0.488 0.291
163.233 -71.7733 85.9568 0.7788 0.2664 0.992 -0.094 0.047
149.31 -70.3093 131.559 0.832 0.3015 0.598 0.583 0.559
158.158 -69.4482 120.258 0.8164 0.291 0.913 0.22 0.346
151.272 -61.1928 131.479 0.8374 0.2917 0.724 0 0.685
162.493 -85.697 70.4423 0.7524 0.2673 0.992 -0.102 0.039
165.876 -61.6182 47.197 0.749 0.2251 0.992 -0.087 0.047
163.233 -71.7733 85.9568 0.7788 0.2664 0.992 -0.094 0.047
151.272 -61.1928 131.479 0.8374 0.2917 0.724 0 0.685
158.158 -69.4482 120.258 0.8164 0.291 0.913 0.22 0.346
162.526 -60.2076 120.294 0.8218 0.28 0.882 0 0.48
162.526 -60.2076 120.294 0.8218 0.28 0.882 0 0.48
158.158 -69.4482 120.258 0.8164 0.291 0.913 0.22 0.346
163.233 -71.7733 85.9568 0.7788 0.2664 0.992 -0.094 0.047
151.272 -61.1928 131.479 0.8374 0.2917 0.724 0 0.685
162.526 -60.2076 120.294 0.8218 0.28 0.882 0 0.48
153.401 -39.6046 114.805 0.8394 0.2576 0.598 0.465 0.654
164.839 -42.6771 107.243 0.8223 0.2534 0.89 0.22 0.394
162.526 -60.2076 120.294 0.8218 0.28 0.882 0 0.48
163.233 -71.7733 85.9568 0.7788 0.2664 0.992 -0.094 0.047
164.839 -42.6771 107.243 0.8223 0.2534 0.89 0.22 0.394
153.401 -39.6046 114.805 0.8394 0.2576 0.598 0.465 0.654
162.526 -60.2076 120.294 0.8218 0.28 0.882 0 0.48
163.233 -71.7733 85.9568 0.7788 0.2664 0.992 -0.094 0.047
165.876 -61.6182 47.197 0.749 0.2251 0.992 -0.087 0.047
164.839 -42.6771 107.243 0.8223 0.2534 0.89 0.22 0.394
164.839 -42.6771 107.243 0.8223 0.2534 0.89 0.22 0.394
169.852 -1.2597 69.556 0.8188 0.184 0.89 0.299 0.339
153.401 -39.6046 114.805 0.8394 0.2576 0.598 0.465 0.654
169.852 -1.2597 69.556 0.8188 0.184 0.89 0.299 0.339
164.839 -42.6771 107.243 0.8223 0.2534 0.89 0.22 0.394
165.876 -61.6182 47.197 0.749 0.2251 0.992 -0.087 0.047
156.546 8.2644 75.932 0.8403 0.1797 0.638 0.567 0.528
153.401 -39.6046 114.805 0.8394 0.2576 0.598 0.465 0.654
169.852 -1.2597 69.556 0.8188 0.184 0.89 0.299 0.339
157.404 15.0863 64.34 0.8345 0.1632 0.654 0.63 0.417
156.546 8.2644 75.932 0.8403 0.1797 0.638 0.567 0.528
169.852 -1.2597 69.556 0.8188 0.184 0.89 0.299 0.339
169.852 -1.2597 69.556 0.8188 0.184 0.89 0.299 0.339
165.876 -61.6182 47.197 0.749 0.2251 0.992 -0.087 0.047
170.541 -23.1125 11.7271 0.7461 0.1587 0.992 -0.102 0.047
166.617 12.5455 53.4647 0.8169 0.1572 0.835 0.528 0.173
157.404 15.0863 64.34 0.8345 0.1632 0.654 0.63 0.417
169.852 -1.2597 69.556 0.8188 0.184 0.89 0.299 0.339
171.119 3.7677 58.9125 0.813 0.1708 0.945 0.291 0.173
169.852 -1.2597 69.556 0.8188 0.184 0.89 0.299 0.339
170.541 -23.1125 11.7271 0.7461 0.1587 0.992 -0.102 0.047
171.119 3.7677 58.9125 0.813 0.1708 0.945 0.291 0.173
166.617 12.5455 53.4647 0.8169 0.1572 0.835 0.528 0.173
169.852 -1.2597 69.556 0.8188 0.184 0.89 0.299 0.339
170.541 -23.1125 11.7271 0.7461 0.1587 0.992 -0.102 0.047
171.382 -15.1646 10.8573 0.752 0.1504 0.992 -0.087 0.039
171.119 3.7677 58.9125 0.813 0.1708 0.945 0.291 0.173
171.382 -15.1646 10.8573 0.752 0.1504 0.992 -0.087 0.039
172.125 -1.5141 10.3796 0.7627 0.1371 0.984 0.181 -0
171.119 3.7677 58.9125 0.813 0.1708 0.945 0.291 0.173
171.119 3.7677 58.9125 0.813 0.1708 0.945 0.291 0.173
172.125 -1.5141 10.3796 0.7627 0.1371 0.984 0.181 -0
166.617 12.5455 53.4647 0.8169 0.1572 0.835 0.528 0.173
167.388 9.3393 10.0444 0.772 0.1256 0.906 0.417 -0.024
166.617 12.5455 53.4647 0.8169 0.1572 0.835 0.528 0.173
172.125 -1.5141 10.3796 0.7627 0.1371 0.984 0.181 -0
143.317 -169.031 126.65 0.71 0.4761 0.732 -0.472 -0.488
158.514 -114.02 97.7852 0.7202 0.3965 0.717 -0.504 -0.472
150.447 -168.943 144.841 0.7319 0.4871 0.78 -0.449 -0.441
158.514 -114.02 97.7852 0.7202 0.3965 0.717 -0.504 -0.472
143.317 -169.031 126.65 0.71 0.4761 0.732 -0.472 -0.488
147.56 -117.769 88.1079 0.7012 0.3955 0.441 -0.606 -0.661
143.317 -169.031 126.65 0.71 0.4761 0.732 -0.472 -0.488
132.429 -120.254 86.6131 0.6826 0.4004 0.126 -0.622 -0.772
147.56 -117.769 88.1079 0.7012 0.3955 0.441 -0.606 -0.661
147.56 -117.769 88.1079 0.7012 0.3955 0.441 -0.606 -0.661
162.493 -85.697 70.4423 0.7144 0.3474 0.638 -0.583 -0.512
158.514 -114.02 97.7852 0.7202 0.3965 0.717 -0.504 -0.472
132.429 -120.254 86.6131 0.6826 0.4004 0.126 -0.622 -0.772
126.016 -85.5756 58.3295 0.6636 0.3464 0.047 -0.661 -0.748
147.56 -117.769 88.1079 0.7012 0.3955 0.441 -0.606 -0.661
162.493 -85.697 70.4423 0.7144 0.3474 0.638 -0.583 -0.512
147.56 -117.769 88.1079 0.7012 0.3955 0.441 -0.606 -0.661
153.43 -87.9998 61.7466 0.6987 0.345 0.37 -0.654 -0.661
153.43 -87.9998 61.7466 0.6987 0.345 0.37 -0.654 -0.661
147.56 -117.769 88.1079 0.7012 0.3955 0.441 -0.606 -0.661
126.016 -85.5756 58.3295 0.6636 0.3464 0.047 -0.661 -0.748
162.493 -85.697 70.4423 0.7144 0.3474 0.638 -0.583 -0.512
153.43 -87.9998 61.7466 0.6987 0.345 0.37 -0.654 -0.661
165.876 -61.6182 47.197 0.71 0.3054 0.638 -0.575 -0.52
153.43 -87.9998 61.7466 0.6987 0.345 0.37 -0.654 -0.661
126.016 -85.5756 58.3295 0.6636 0.3464 0.047 -0.661 -0.748
158.421 -62.6918 39.3357 0.6968 0.302 0.346 -0.646 -0.677
165.876 -61.6182 47.197 0.71 0.3054 0.638 -0.575 -0.52
153.43 -87.9998 61.7466 0.6987 0.345 0.37 -0.654 -0.661
158.421 -62.6918 39.3357 0.6968 0.302 0.346 -0.646 -0.677
126.016 -85.5756 58.3295 0.6636 0.3464 0.047 -0.661 -0.748
76.6087 -81.5083 52.3325 0.6006 0.3491 -0.228 -0.567 -0.795
158.421 -62.6918 39.3357 0.6968 0.302 0.346 -0.646 -0.677
158.421 -62.6918 39.3357 0.6968 0.302 0.346 -0.646 -0.677
170.541 -23.1125 11.7271 0.7041 0.2389 0.701 -0.402 -0.591
165.876 -61.6182 47.197 0.71 0.3054 0.638 -0.575 -0.52
76.6087 -81.5083 52.3325 0.6006 0.3491 -0.228 -0.567 -0.795
78.5437 -60.9209 46.8253 0.5918 0.3232 -0.843 -0.063 -0.535
105.579 -13.6345 -1.6521 0.6162 0.2347 -0.283 -0.402 -0.866
76.6087 -81.5083 52.3325 0.6006 0.3491 -0.228 -0.567 -0.795
105.579 -13.6345 -1.6521 0.6162 0.2347 -0.283 -0.402 -0.866
158.421 -62.6918 39.3357 0.6968 0.302 0.346 -0.646 -0.677
170.541 -23.1125 11.7271 0.7041 0.2389 0.701 -0.402 -0.591
158.421 -62.6918 39.3357 0.6968 0.302 0.346 -0.646 -0.677
163.845 -25.2882 5.8594 0.6924 0.2394 0.394 -0.543 -0.748
163.845 -25.2882 5.8594 0.6924 0.2394 0.394 -0.543 -0.748
158.421 -62.6918 39.3357 0.6968 0.302 0.346 -0.646 -0.677
105.579 -13.6345 -1.6521 0.6162 0.2347 -0.283 -0.402 -0.866
163.845 -25.2882 5.8594 0.6924 0.2394 0.394 -0.543 -0.748
163.477 -20.0403 2.3314 0.6909 0.233 0.449 -0.283 -0.85
170.541 -23.1125 11.7271 0.7041 0.2389 0.701 -0.402 -0.591
171.382 -15.1646 10.8573 0.7051 0.2271 0.661 -0.016 -0.756
170.541 -23.1125 11.7271 0.7041 0.2389 0.701 -0.402 -0.591
163.477 -20.0403 2.3314 0.6909 0.233 0.449 -0.283 -0.85
105.579 -13.6345 -1.6521 0.6162 0.2347 -0.283 -0.402 -0.866
111.033 -8.7058 -5.6501 0.623 0.2274 -0.433 -0.134 -0.89
163.845 -25.2882 5.8594 0.6924 0.2394 0.394 -0.543 -0.748
163.477 -20.0403 2.3314 0.6909 0.233 0.449 -0.283 -0.85
163.845 -25.2882 5.8594 0.6924 0.2394 0.394 -0.543 -0.748
111.033 -8.7058 -5.6501 0.623 0.2274 -0.433 -0.134 -0.89
108.8 18.3184 11.304 0.6099 0.1892 -0.661 0.354 -0.661
111.033 -8.7058 -5.6501 0.623 0.2274 -0.433 -0.134 -0.89
105.579 -13.6345 -1.6521 0.6162 0.2347 -0.283 -0.402 -0.866
163.477 -20.0403 2.3314 0.6909 0.233 0.449 -0.283 -0.85
157.073 -14.0016 -0.8195 0.6821 0.2271 0.315 -0.142 -0.937
171.382 -15.1646 10.8573 0.7051 0.2271 0.661 -0.016 -0.756
157.073 -14.0016 -0.8195 0.6821 0.2271 0.315 -0.142 -0.937
163.477 -20.0403 2.3314 0.6909 0.233 0.449 -0.283 -0.85
111.033 -8.7058 -5.6501 0.623 0.2274 -0.433 -0.134 -0.89
118.781 -3.1453 -9.9215 0.6323 0.2195 -0.181 0.008 -0.984
111.033 -8.7058 -5.6501 0.623 0.2274 -0.433 -0.134 -0.89
108.8 18.3184 11.304 0.6099 0.1892 -0.661 0.354 -0.661
118.781 -3.1453 -9.9215 0.6323 0.2195 -0.181 0.008 -0.984
157.073 -14.0016 -0.8195 0.6821 0.2271 0.315 -0.142 -0.937
111.033 -8.7058 -5.6501 0.623 0.2274 -0.433 -0.134 -0.89
108.8 18.3184 11.304 0.6099 0.1892 -0.661 0.354 -0.661
121.491 15.5688 -2.5964 0.6338 0.1947 -0.252 0.354 -0.898
118.781 -3.1453 -9.9215 0.6323 0.2195 -0.181 0.008 -0.984
121.491 15.5688 -2.5964 0.6338 0.1947 -0.252 0.354 -0.898
161.247 9.996 5.6723 0.687 0.196 0.402 0.165 -0.898
118.781 -3.1453 -9.9215 0.6323 0.2195 -0.181 0.008 -0.984
157.073 -14.0016 -0.8195 0.6821 0.2271 0.315 -0.142 -0.937
118.781 -3.1453 -9.9215 0.6323 0.2195 -0.181 0.008 -0.984
161.247 9.996 5.6723 0.687 0.196 0.402 0.165 -0.898
161.247 9.996 5.6723 0.687 0.196 0.402 0.165 -0.898
171.382 -15.1646 10.8573 0.7051 0.2271 0.661 -0.016 -0.756
157.073 -14.0016 -0.8195 0.6821 0.2271 0.315 -0.142 -0.937
172.125 -1.5141 10.3796 0.7036 0.2095 0.433 0.039 -0.898
171.382 -15.1646 10.8573 0.7051 0.2271 0.661 -0.016 -0.756
161.247 9.996 5.6723 0.687 0.196 0.402 0.165 -0.898
167.388 9.3393 10.0444 0.6968 0.1964 0.433 0.039 -0.898
172.125 -1.5141 10.3796 0.7036 0.2095 0.433 0.039 -0.898
161.247 9.996 5.6723 0.687 0.196 0.402 0.165 -0.898
-0.6158 -145.55 -97.3706 0.1831 0.1342 0.465 -0.472 -0.748
6.3197 -167.703 -77.2023 0.1447 0.134 0.472 -0.48 -0.74
-15.5453 -169.366 -91.38 0.161 0.1058 0.236 -0.598 -0.764
-15.5453 -169.366 -91.38 0.161 0.1058 0.236 -0.598 -0.764
-24.5016 -151.141 -107.798 0.1935 0.1025 0.15 -0.622 -0.772
-0.6158 -145.55 -97.3706 0.1831 0.1342 0.465 -0.472 -0.748
-15.5453 -169.366 -91.38 0.161 0.1058 0.236 -0.598 -0.764
-89.3914 -169.232 -73.5757 0.1692 0.0112 -0.173 -0.701 -0.693
-24.5016 -151.141 -107.798 0.1935 0.1025 0.15 -0.622 -0.772
-9.4264 -122.878 -115.76 0.2212 0.1332 0.449 -0.488 -0.748
-0.6158 -145.55 -97.3706 0.1831 0.1342 0.465 -0.472 -0.748
-24.5016 -151.141 -107.798 0.1935 0.1025 0.15 -0.622 -0.772
-93.1675 -154.611 -87.2624 0.1946 0.0128 -0.173 -0.693 -0.701
-24.5016 -151.141 -107.798 0.1935 0.1025 0.15 -0.622 -0.772
-89.3914 -169.232 -73.5757 0.1692 0.0112 -0.173 -0.701 -0.693
-9.4264 -122.878 -115.76 0.2212 0.1332 0.449 -0.488 -0.748
-24.5016 -151.141 -107.798 0.1935 0.1025 0.15 -0.622 -0.772
-32.8681 -131.959 -124.914 0.2273 0.1002 0.126 -0.63 -0.764
-24.5016 -151.141 -107.798 0.1935 0.1025 0.15 -0.622 -0.772
-93.1675 -154.611 -87.2624 0.1946 0.0128 -0.173 -0.693 -0.701
-32.8681 -131.959 -124.914 0.2273 0.1002 0.126 -0.63 -0.764
-9.4264 -122.878 -115.76 0.2212 0.1332 0.449 -0.488 -0.748
-32.8681 -131.959 -124.914 0.2273 0.1002 0.126 -0.63 -0.764
-28.4733 -90.0125 -152.897 0.2869 0.1224 0.402 -0.504 -0.764
-101.24 -136.379 -102.213 0.2257 0.00989997 -0.189 -0.685 -0.709
-32.8681 -131.959 -124.914 0.2273 0.1002 0.126 -0.63 -0.764
-93.1675 -154.611 -87.2624 0.1946 0.0128 -0.173 -0.693 -0.701
-44.7479 -96.5841 -156.596 0.2883 0.1001 0.11 -0.614 -0.78
-28.4733 -90.0125 -152.897 0.2869 0.1224 0.402 -0.504 -0.764
-32.8681 -131.959 -124.914 0.2273 0.1002 0.126 -0.63 -0.764
-32.8681 -131.959 -124.914 0.2273 0.1002 0.126 -0.63 -0.764
-101.24 -136.379 -102.213 0.2257 0.00989997 -0.189 -0.685 -0.709
-44.7479 -96.5841 -156.596 0.2883 0.1001 0.11 -0.614 -0.78
-44.7479 -96.5841 -156.596 0.2883 0.1001 0.11 -0.614 -0.78
-59.6364 -35.7563 -197.319 0.3816 0.1055 0.331 -0.449 -0.827
-28.4733 -90.0125 -152.897 0.2869 0.1224 0.402 -0.504 -0.764
-111.514 -100.072 -133.333 0.2869 0.0116 -0.213 -0.677 -0.709
-44.7479 -96.5841 -156.596 0.2883 0.1001 0.11 -0.614 -0.78
-101.24 -136.379 -102.213 0.2257 0.00989997 -0.189 -0.685 -0.709
-59.6364 -35.7563 -197.319 0.3816 0.1055 0.331 -0.449 -0.827
-44.7479 -96.5841 -156.596 0.2883 0.1001 0.11 -0.614 -0.78
-76.6022 -40.252 -201.132 0.3848 0.0831 0.055 -0.583 -0.811
-44.7479 -96.5841 -156.596 0.2883 0.1001 0.11 -0.614 -0.78
-111.514 -100.072 -133.333 0.2869 0.0116 -0.213 -0.677 -0.709
-76.6022 -40.252 -201.132 0.3848 0.0831 0.055 -0.583 -0.811
-70.995 -16.2515 -210.963 0.4146 0.0989 0.331 -0.378 -0.866
-59.6364 -35.7563 -197.319 0.3816 0.1055 0.331 -0.449 -0.827
-76.6022 -40.252 -201.132 0.3848 0.0831 0.055 -0.583 -0.811
-124.559 -40.0632 -185.202 0.3877 0.0199 -0.228 -0.669 -0.709
-76.6022 -40.252 -201.132 0.3848 0.0831 0.055 -0.583 -0.811
-111.514 -100.072 -133.333 0.2869 0.0116 -0.213 -0.677 -0.709
-70.995 -16.2515 -210.963 0.4146 0.0989 0.331 -0.378 -0.866
-76.6022 -40.252 -201.132 0.3848 0.0831 0.055 -0.583 -0.811
-87.0607 -21.7395 -214.849 0.4153 0.0773 0.063 -0.535 -0.843
-87.0607 -21.7395 -214.849 0.4153 0.0773 0.063 -0.535 -0.843
-76.6022 -40.252 -201.132 0.3848 0.0831 0.055 -0.583 -0.811
-124.559 -40.0632 -185.202 0.3877 0.0199 -0.228 -0.669 -0.709
-70.995 -16.2515 -210.963 0.4146 0.0989 0.331 -0.378 -0.866
-87.0607 -21.7395 -214.849 0.4153 0.0773 0.063 -0.535 -0.843
-76.1153 -6.892 -216.169 0.4299 0.095 0.165 0.079 -0.984
-124.559 -40.0632 -185.202 0.3877 0.0199 -0.228 -0.669 -0.709
-128.725 -13.8824 -209.018 0.4324 0.0264 -0.48 -0.417 -0.772
-87.0607 -21.7395 -214.849 0.4153 0.0773 0.063 -0.535 -0.843
16.8879 -146.417 -51.1793 0.2357 0.1721 0.921 0.039 -0.378
22.5623 -166.491 -43.6524 0.2455 0.1462 0.921 0.016 -0.386
6.3197 -167.703 -77.2023 0.2793 0.1781 0.921 0.016 -0.386
-87.0607 -21.7395 -214.849 0.4153 0.0773 0.063 -0.535 -0.843
-128.725 -13.8824 -209.018 0.4324 0.0264 -0.48 -0.417 -0.772
-91.7688 -15.3367 -219.012 0.425 0.0735 -0.024 -0.173 -0.984
-77.4141 -0.6396 -212.386 0.4395 0.0955 0 0.409 -0.913
-76.1153 -6.892 -216.169 0.4299 0.095 0.165 0.079 -0.984
-93.4877 -1.9983 -213.94 0.4424 0.0747 -0.031 0.417 -0.906
-76.1153 -6.892 -216.169 0.4299 0.095 0.165 0.079 -0.984
-91.7688 -15.3367 -219.012 0.425 0.0735 -0.024 -0.173 -0.984
-93.4877 -1.9983 -213.94 0.4424 0.0747 -0.031 0.417 -0.906
-91.7688 -15.3367 -219.012 0.425 0.0735 -0.024 -0.173 -0.984
-123.83 -9.1416 -215.092 0.4385 0.0356 -0.339 -0.094 -0.937
-93.4877 -1.9983 -213.94 0.4424 0.0747 -0.031 0.417 -0.906
-123.83 -9.1416 -215.092 0.4385 0.0356 -0.339 -0.094 -0.937
-91.7688 -15.3367 -219.012 0.425 0.0735 -0.024 -0.173 -0.984
-128.725 -13.8824 -209.018 0.4324 0.0264 -0.48 -0.417 -0.772
-127.027 -3.3555 -210.768 0.4468 0.0313 -0.543 0.157 -0.827
-93.4877 -1.9983 -213.94 0.4424 0.0747 -0.031 0.417 -0.906
-123.83 -9.1416 -215.092 0.4385 0.0356 -0.339 -0.094 -0.937
-123.83 -9.1416 -215.092 0.4385 0.0356 -0.339 -0.094 -0.937
-128.725 -13.8824 -209.018 0.4324 0.0264 -0.48 -0.417 -0.772
-127.027 -3.3555 -210.768 0.4468 0.0313 -0.543 0.157 -0.827
-135.274 -4.6093 -203.074 0.446 0.0165 -0.724 0 -0.693
-127.027 -3.3555 -210.768 0.4468 0.0313 -0.543 0.157 -0.827
-128.725 -13.8824 -209.018 0.4324 0.0264 -0.48 -0.417 -0.772
-0.5151 169.066 -187.068 0.087 0.3701 0.205 0.465 -0.866
-12.7313 159.305 -194.477 0.0687 0.3823 0 0.016 -1
-12.7495 169.555 -189.223 0.0714 0.3679 0.165 0.457 -0.874
-12.7313 159.305 -194.477 0.0687 0.3823 0 0.016 -1
-0.5151 169.066 -187.068 0.087 0.3701 0.205 0.465 -0.866
-3.816 155.35 -194.928 0.0791 0.3887 0.031 0.039 -1
-0.5151 169.066 -187.068 0.087 0.3701 0.205 0.465 -0.866
27.622 156.711 -185.63 0.1208 0.3901 0.346 0.425 -0.835
-3.816 155.35 -194.928 0.0791 0.3887 0.031 0.039 -1
-12.7313 159.305 -194.477 0.0687 0.3823 0 0.016 -1
-3.816 155.35 -194.928 0.0791 0.3887 0.031 0.039 -1
-26.2567 150.595 -189.083 0.0495 0.3928 -0.142 -0.409 -0.906
24.2202 143.732 -194.138 0.1116 0.4075 0.15 0.031 -0.992
-3.816 155.35 -194.928 0.0791 0.3887 0.031 0.039 -1
27.622 156.711 -185.63 0.1208 0.3901 0.346 0.425 -0.835
-3.816 155.35 -194.928 0.0791 0.3887 0.031 0.039 -1
24.2202 143.732 -194.138 0.1116 0.4075 0.15 0.031 -0.992
-26.2567 150.595 -189.083 0.0495 0.3928 -0.142 -0.409 -0.906
27.622 156.711 -185.63 0.1208 0.3901 0.346 0.425 -0.835
64.5333 137.99 -173.919 0.167 0.4199 0.496 0.315 -0.811
24.2202 143.732 -194.138 0.1116 0.4075 0.15 0.031 -0.992
24.2202 143.732 -194.138 0.1116 0.4075 0.15 0.031 -0.992
-31.0799 108.72 -169.801 0.0359 0.4504 -0.11 -0.425 -0.898
-26.2567 150.595 -189.083 0.0495 0.3928 -0.142 -0.409 -0.906
50.1994 123.851 -187.921 0.1407 0.436 0.213 -0.024 -0.976
24.2202 143.732 -194.138 0.1116 0.4075 0.15 0.031 -0.992
64.5333 137.99 -173.919 0.167 0.4199 0.496 0.315 -0.811
50.1994 123.851 -187.921 0.1407 0.436 0.213 -0.024 -0.976
-31.0799 108.72 -169.801 0.0359 0.4504 -0.11 -0.425 -0.898
24.2202 143.732 -194.138 0.1116 0.4075 0.15 0.031 -0.992
64.5333 137.99 -173.919 0.167 0.4199 0.496 0.315 -0.811
78.0107 123.029 -170.412 0.1818 0.4421 0.528 0.26 -0.803
50.1994 123.851 -187.921 0.1407 0.436 0.213 -0.024 -0.976
64.5554 109.221 -183.684 0.1563 0.4556 0.299 -0.15 -0.945
50.1994 123.851 -187.921 0.1407 0.436 0.213 -0.024 -0.976
78.0107 123.029 -170.412 0.1818 0.4421 0.528 0.26 -0.803
64.5554 109.221 -183.684 0.1563 0.4556 0.299 -0.15 -0.945
-31.0799 108.72 -169.801 0.0359 0.4504 -0.11 -0.425 -0.898
50.1994 123.851 -187.921 0.1407 0.436 0.213 -0.024 -0.976
81.2398 111.301 -171.669 0.1815 0.459 0.622 0.016 -0.78
64.5554 109.221 -183.684 0.1563 0.4556 0.299 -0.15 -0.945
78.0107 123.029 -170.412 0.1818 0.4421 0.528 0.26 -0.803
-31.0799 108.72 -169.801 0.0359 0.4504 -0.11 -0.425 -0.898
64.5554 109.221 -183.684 0.1563 0.4556 0.299 -0.15 -0.945
81.703 62.0298 -160.728 0.1715 0.5215 0.354 -0.331 -0.874
64.5554 109.221 -183.684 0.1563 0.4556 0.299 -0.15 -0.945
81.2398 111.301 -171.669 0.1815 0.459 0.622 0.016 -0.78
81.703 62.0298 -160.728 0.1715 0.5215 0.354 -0.331 -0.874
-39.0674 3.8639 -123.479 0.0135 0.5937 -0.047 -0.417 -0.906
-31.0799 108.72 -169.801 0.0359 0.4504 -0.11 -0.425 -0.898
81.703 62.0298 -160.728 0.1715 0.5215 0.354 -0.331 -0.874
91.7477 66.1079 -149.892 0.1906 0.5234 0.717 -0.173 -0.677
81.703 62.0298 -160.728 0.1715 0.5215 0.354 -0.331 -0.874
81.2398 111.301 -171.669 0.1815 0.459 0.622 0.016 -0.78
-43.9338 -63.5124 -96.7632 0.0005 0.6836 -0.024 -0.417 -0.906
-39.0674 3.8639 -123.479 0.0135 0.5937 -0.047 -0.417 -0.906
0.7348 -87.5724 -82.1698 0.0535 0.7236 -0.031 -0.441 -0.898
81.703 62.0298 -160.728 0.1715 0.5215 0.354 -0.331 -0.874
91.7477 66.1079 -149.892 0.1906 0.5234 0.717 -0.173 -0.677
91.0518 8.8586 -133.947 0.1769 0.5962 0.339 -0.362 -0.866
91.0518 8.8586 -133.947 0.1769 0.5962 0.339 -0.362 -0.866
-39.0674 3.8639 -123.479 0.0135 0.5937 -0.047 -0.417 -0.906
81.703 62.0298 -160.728 0.1715 0.5215 0.354 -0.331 -0.874
91.0518 8.8586 -133.947 0.1769 0.5962 0.339 -0.362 -0.866
0.7348 -87.5724 -82.1698 0.0535 0.7236 -0.031 -0.441 -0.898
-39.0674 3.8639 -123.479 0.0135 0.5937 -0.047 -0.417 -0.906
103.136 15.7518 -121.942 0.1995 0.5962 0.646 -0.26 -0.717
91.0518 8.8586 -133.947 0.1769 0.5962 0.339 -0.362 -0.866
91.7477 66.1079 -149.892 0.1906 0.5234 0.717 -0.173 -0.677
91.0518 8.8586 -133.947 0.1769 0.5962 0.339 -0.362 -0.866
103.136 15.7518 -121.942 0.1995 0.5962 0.646 -0.26 -0.717
122.436 -70.249 -78.8633 0.2108 0.7183 0.465 -0.323 -0.827
91.5637 -77.8801 -91.1253 0.1683 0.7168 0.205 -0.409 -0.89
0.7348 -87.5724 -82.1698 0.0535 0.7236 -0.031 -0.441 -0.898
91.0518 8.8586 -133.947 0.1769 0.5962 0.339 -0.362 -0.866
122.436 -70.249 -78.8633 0.2108 0.7183 0.465 -0.323 -0.827
91.5637 -77.8801 -91.1253 0.1683 0.7168 0.205 -0.409 -0.89
91.0518 8.8586 -133.947 0.1769 0.5962 0.339 -0.362 -0.866
16.8879 -146.417 -51.1793 0.0673 0.8081 -0.039 -0.441 -0.898
0.7348 -87.5724 -82.1698 0.0535 0.7236 -0.031 -0.441 -0.898
91.5637 -77.8801 -91.1253 0.1683 0.7168 0.205 -0.409 -0.89
122.436 -70.249 -78.8633 0.2108 0.7183 0.465 -0.323 -0.827
109.69 -142.645 -58.114 0.1836 0.8091 0.213 -0.465 -0.858
91.5637 -77.8801 -91.1253 0.1683 0.7168 0.205 -0.409 -0.89
91.5637 -77.8801 -91.1253 0.1683 0.7168 0.205 -0.409 -0.89
109.69 -142.645 -58.114 0.1836 0.8091 0.213 -0.465 -0.858
16.8879 -146.417 -51.1793 0.0673 0.8081 -0.039 -0.441 -0.898
122.436 -70.249 -78.8633 0.2108 0.7183 0.465 -0.323 -0.827
137.328 -139.958 -47.606 0.2201 0.8149 0.354 -0.48 -0.803
109.69 -142.645 -58.114 0.1836 0.8091 0.213 -0.465 -0.858
137.328 -139.958 -47.606 0.2201 0.8149 0.354 -0.48 -0.803
142.596 -159.173 -30.6662 0.226 0.8472 0.323 -0.575 -0.748
109.69 -142.645 -58.114 0.1836 0.8091 0.213 -0.465 -0.858
92.8002 -169.023 -44.0438 0.1603 0.8452 0.102 -0.488 -0.866
16.8879 -146.417 -51.1793 0.0673 0.8081 -0.039 -0.441 -0.898
109.69 -142.645 -58.114 0.1836 0.8091 0.213 -0.465 -0.858
109.69 -142.645 -58.114 0.1836 0.8091 0.213 -0.465 -0.858
142.596 -159.173 -30.6662 0.226 0.8472 0.323 -0.575 -0.748
92.8002 -169.023 -44.0438 0.1603 0.8452 0.102 -0.488 -0.866
22.5623 -166.491 -43.6524 0.0725 0.8354 -0.039 -0.417 -0.913
16.8879 -146.417 -51.1793 0.0673 0.8081 -0.039 -0.441 -0.898
92.8002 -169.023 -44.0438 0.1603 0.8452 0.102 -0.488 -0.866
92.8002 -169.023 -44.0438 0.1603 0.8452 0.102 -0.488 -0.866
142.596 -159.173 -30.6662 0.226 0.8472 0.323 -0.575 -0.748
134.25 -169.214 -26.7415 0.2145 0.8599 0.315 -0.559 -0.764
-135.274 -4.6093 -203.074 0.2917 0.2091 -0.087 0.992 -0.071
-127.943 -1.8587 -188.736 0.3115 0.215 -0.142 0.992 0.063
-127.027 -3.3555 -210.768 0.2839 0.2213 -0.071 0.992 -0.071
-127.027 -3.3555 -210.768 0.2839 0.2213 -0.071 0.992 -0.071
-127.943 -1.8587 -188.736 0.3115 0.215 -0.142 0.992 0.063
-95.7498 0.8098 -174.628 0.3352 0.2522 -0.039 0.961 0.26
-95.7498 0.8098 -174.628 0.3352 0.2522 -0.039 0.961 0.26
-93.4877 -1.9983 -213.94 0.2874 0.2639 -0.047 1 -0.071
-127.027 -3.3555 -210.768 0.2839 0.2213 -0.071 0.992 -0.071
-93.4877 -1.9983 -213.94 0.2874 0.2639 -0.047 1 -0.071
-95.7498 0.8098 -174.628 0.3352 0.2522 -0.039 0.961 0.26
-77.4141 -0.6396 -212.386 0.2937 0.2837 -0.047 1 -0.063
-122.308 -13.3015 -158.269 0.3538 0.2129 -0.331 0.835 0.441
-95.7498 0.8098 -174.628 0.3352 0.2522 -0.039 0.961 0.26
-127.943 -1.8587 -188.736 0.3115 0.215 -0.142 0.992 0.063
-69.2614 1.2397 -181.2 0.334 0.2864 0.26 0.929 0.252
-77.4141 -0.6396 -212.386 0.2937 0.2837 -0.047 1 -0.063
-95.7498 0.8098 -174.628 0.3352 0.2522 -0.039 0.961 0.26
-109.706 -13.1155 -147.963 0.3677 0.2277 -0.197 0.803 0.567
-95.7498 0.8098 -174.628 0.3352 0.2522 -0.039 0.961 0.26
-122.308 -13.3015 -158.269 0.3538 0.2129 -0.331 0.835 0.441
-122.308 -13.3015 -158.269 0.3538 0.2129 -0.331 0.835 0.441
-104.883 -64.2668 -93.9644 0.4597 0.2137 -0.63 0.52 0.583
-109.706 -13.1155 -147.963 0.3677 0.2277 -0.197 0.803 0.567
-65.6219 0.3618 -184.168 0.3318 0.2913 0.654 0.732 0.173
-69.2614 1.2397 -181.2 0.334 0.2864 0.26 0.929 0.252
-47.9715 -21.8607 -163.326 0.3723 0.3105 0.685 0.717 0.15
-92.6548 -58.2673 -89.9454 0.4619 0.2311 -0.22 0.709 0.669
-109.706 -13.1155 -147.963 0.3677 0.2277 -0.197 0.803 0.567
-104.883 -64.2668 -93.9644 0.4597 0.2137 -0.63 0.52 0.583
-104.883 -64.2668 -93.9644 0.4597 0.2137 -0.63 0.52 0.583
-100.8 -92.7997 -74.1215 0.502 0.2036 -0.74 0.417 0.528
-92.6548 -58.2673 -89.9454 0.4619 0.2311 -0.22 0.709 0.669
-100.8 -92.7997 -74.1215 0.502 0.2036 -0.74 0.417 0.528
-93.891 -88.4959 -59.6084 0.5142 0.2198 -0.354 0.622 0.701
-92.6548 -58.2673 -89.9454 0.4619 0.2311 -0.22 0.709 0.669
-93.891 -88.4959 -59.6084 0.5142 0.2198 -0.354 0.622 0.701
-61.018 -79.4079 -76.3131 0.4993 0.2649 0.157 0.685 0.709
-92.6548 -58.2673 -89.9454 0.4619 0.2311 -0.22 0.709 0.669
-59.159 -63.6992 -91.319 0.4729 0.2722 0.157 0.764 0.63
-92.6548 -58.2673 -89.9454 0.4619 0.2311 -0.22 0.709 0.669
-61.018 -79.4079 -76.3131 0.4993 0.2649 0.157 0.685 0.709
-109.706 -13.1155 -147.963 0.3677 0.2277 -0.197 0.803 0.567
-92.6548 -58.2673 -89.9454 0.4619 0.2311 -0.22 0.709 0.669
-59.159 -63.6992 -91.319 0.4729 0.2722 0.157 0.764 0.63
-52.0686 -18.4482 -155.044 0.3782 0.2998 0.449 0.811 0.378
-47.9715 -21.8607 -163.326 0.3723 0.3105 0.685 0.717 0.15
-69.2614 1.2397 -181.2 0.334 0.2864 0.26 0.929 0.252
-69.2614 1.2397 -181.2 0.334 0.2864 0.26 0.929 0.252
-95.7498 0.8098 -174.628 0.3352 0.2522 -0.039 0.961 0.26
-52.0686 -18.4482 -155.044 0.3782 0.2998 0.449 0.811 0.378
-95.7498 0.8098 -174.628 0.3352 0.2522 -0.039 0.961 0.26
-109.706 -13.1155 -147.963 0.3677 0.2277 -0.197 0.803 0.567
-52.0686 -18.4482 -155.044 0.3782 0.2998 0.449 0.811 0.378
-109.706 -13.1155 -147.963 0.3677 0.2277 -0.197 0.803 0.567
-59.159 -63.6992 -91.319 0.4729 0.2722 0.157 0.764 0.63
-52.0686 -18.4482 -155.044 0.3782 0.2998 0.449 0.811 0.378
-47.9715 -21.8607 -163.326 0.3723 0.3105 0.685 0.717 0.15
-52.0686 -18.4482 -155.044 0.3782 0.2998 0.449 0.811 0.378
-15.3814 -64.7069 -112.425 0.4626 0.334 0.709 0.693 0.142
-43.9338 -63.5124 -96.7632 0.4709 0.2925 0.181 0.787 0.591
-52.0686 -18.4482 -155.044 0.3782 0.2998 0.449 0.811 0.378
-59.159 -63.6992 -91.319 0.4729 0.2722 0.157 0.764 0.63
-18.5653 -63.2012 -105.834 0.4675 0.3259 0.472 0.78 0.402
-15.3814 -64.7069 -112.425 0.4626 0.334 0.709 0.693 0.142
-52.0686 -18.4482 -155.044 0.3782 0.2998 0.449 0.811 0.378
-43.9338 -63.5124 -96.7632 0.4709 0.2925 0.181 0.787 0.591
-18.5653 -63.2012 -105.834 0.4675 0.3259 0.472 0.78 0.402
-52.0686 -18.4482 -155.044 0.3782 0.2998 0.449 0.811 0.378
-15.3814 -64.7069 -112.425 0.4626 0.334 0.709 0.693 0.142
-18.5653 -63.2012 -105.834 0.4675 0.3259 0.472 0.78 0.402
0.7348 -87.5724 -82.1698 0.5137 0.343 0.346 0.78 0.52
-43.9338 -63.5124 -96.7632 0.4709 0.2925 0.181 0.787 0.591
0.7348 -87.5724 -82.1698 0.5137 0.343 0.346 0.78 0.52
-18.5653 -63.2012 -105.834 0.4675 0.3259 0.472 0.78 0.402
121.491 15.5688 -2.5964 0.9224 0.0617 0.15 0.984 -0.063
108.8 18.3184 11.304 0.9351 0.0818 0.15 0.984 -0.071
161.247 9.996 5.6723 0.8706 0.0627 0.15 0.984 -0.063
167.388 9.3393 10.0444 0.8623 0.0667 0.15 0.984 -0.071
161.247 9.996 5.6723 0.8706 0.0627 0.15 0.984 -0.063
108.8 18.3184 11.304 0.9351 0.0818 0.15 0.984 -0.071
167.388 9.3393 10.0444 0.8623 0.0667 0.15 0.984 -0.071
108.8 18.3184 11.304 0.9351 0.0818 0.15 0.984 -0.071
166.617 12.5455 53.4647 0.854 0.1204 0.157 0.984 -0.079
157.404 15.0863 64.34 0.8628 0.1357 0.15 0.984 -0.079
166.617 12.5455 53.4647 0.854 0.1204 0.157 0.984 -0.079
108.8 18.3184 11.304 0.9351 0.0818 0.15 0.984 -0.071
118.514 20.7993 62.7967 0.9116 0.1426 -0.024 0.961 0.26
157.404 15.0863 64.34 0.8628 0.1357 0.15 0.984 -0.079
108.8 18.3184 11.304 0.9351 0.0818 0.15 0.984 -0.071
104.395 21.7989 50.6952 0.9321 0.1318 -0.094 0.984 0.173
118.514 20.7993 62.7967 0.9116 0.1426 -0.024 0.961 0.26
108.8 18.3184 11.304 0.9351 0.0818 0.15 0.984 -0.071
104.395 21.7989 50.6952 0.9321 0.1318 -0.094 0.984 0.173
98.3392 17.59 52.9378 0.9399 0.1392 -0.441 0.772 0.457
118.514 20.7993 62.7967 0.9116 0.1426 -0.024 0.961 0.26
157.404 15.0863 64.34 0.8618 0.1411 0.11 0.858 0.512
118.514 20.7993 62.7967 0.9116 0.1426 -0.024 0.961 0.26
156.546 8.2644 75.932 0.8608 0.158 0.063 0.74 0.669
115.805 15.8893 71.6971 0.9126 0.155 -0.189 0.78 0.598
118.514 20.7993 62.7967 0.9116 0.1426 -0.024 0.961 0.26
98.3392 17.59 52.9378 0.9399 0.1392 -0.441 0.772 0.457
115.805 15.8893 71.6971 0.9126 0.155 -0.189 0.78 0.598
156.546 8.2644 75.932 0.8608 0.158 0.063 0.74 0.669
118.514 20.7993 62.7967 0.9116 0.1426 -0.024 0.961 0.26
115.805 15.8893 71.6971 0.9126 0.155 -0.189 0.78 0.598
98.3392 17.59 52.9378 0.9399 0.1392 -0.441 0.772 0.457
74.7323 -37.5776 101.814 0.9575 0.2356 -0.614 0.622 0.488
156.546 8.2644 75.932 0.8608 0.158 0.063 0.74 0.669
115.805 15.8893 71.6971 0.9126 0.155 -0.189 0.78 0.598
153.401 -39.6046 114.805 0.854 0.2349 0.016 0.614 0.787
74.7323 -37.5776 101.814 0.9575 0.2356 -0.614 0.622 0.488
84.2043 -36.1713 113.088 0.9404 0.2421 -0.354 0.646 0.677
115.805 15.8893 71.6971 0.9126 0.155 -0.189 0.78 0.598
84.2043 -36.1713 113.088 0.9404 0.2421 -0.354 0.646 0.677
153.401 -39.6046 114.805 0.854 0.2349 0.016 0.614 0.787
115.805 15.8893 71.6971 0.9126 0.155 -0.189 0.78 0.598
84.2043 -36.1713 113.088 0.9404 0.2421 -0.354 0.646 0.677
74.7323 -37.5776 101.814 0.9575 0.2356 -0.614 0.622 0.488
56.9114 -104.267 146.953 0.9683 0.3389 -0.732 0.504 0.465
125.515 -79.5812 145.534 0.8799 0.3025 -0.016 0.622 0.78
153.401 -39.6046 114.805 0.854 0.2349 0.016 0.614 0.787
84.2043 -36.1713 113.088 0.9404 0.2421 -0.354 0.646 0.677
151.272 -61.1928 131.479 0.8525 0.2683 0.157 0.457 0.874
153.401 -39.6046 114.805 0.854 0.2349 0.016 0.614 0.787
125.515 -79.5812 145.534 0.8799 0.3025 -0.016 0.622 0.78
149.31 -70.3093 131.559 0.8516 0.2791 0.386 0.315 0.866
151.272 -61.1928 131.479 0.8525 0.2683 0.157 0.457 0.874
125.515 -79.5812 145.534 0.8799 0.3025 -0.016 0.622 0.78
151.411 -75.3547 143.114 0.8481 0.2937 -0.087 0.803 0.591
149.31 -70.3093 131.559 0.8516 0.2791 0.386 0.315 0.866
125.515 -79.5812 145.534 0.8799 0.3025 -0.016 0.622 0.78
125.515 -79.5812 145.534 0.8799 0.3025 -0.016 0.622 0.78
147.771 -104.112 167.002 0.8472 0.3401 -0.071 0.622 0.78
151.411 -75.3547 143.114 0.8481 0.2937 -0.087 0.803 0.591
66.4818 -100.296 158.048 0.9497 0.3418 -0.433 0.591 0.677
84.2043 -36.1713 113.088 0.9404 0.2421 -0.354 0.646 0.677
56.9114 -104.267 146.953 0.9683 0.3389 -0.732 0.504 0.465
66.4818 -100.296 158.048 0.9497 0.3418 -0.433 0.591 0.677
125.515 -79.5812 145.534 0.8799 0.3025 -0.016 0.622 0.78
84.2043 -36.1713 113.088 0.9404 0.2421 -0.354 0.646 0.677
125.515 -79.5812 145.534 0.8799 0.3025 -0.016 0.622 0.78
66.4818 -100.296 158.048 0.9497 0.3418 -0.433 0.591 0.677
147.771 -104.112 167.002 0.8472 0.3401 -0.071 0.622 0.78
66.4818 -100.296 158.048 0.9497 0.3418 -0.433 0.591 0.677
56.9114 -104.267 146.953 0.9683 0.3389 -0.732 0.504 0.465
42.8175 -168.448 190.575 0.9751 0.4373 -0.756 0.48 0.449
147.771 -104.112 167.002 0.8472 0.3401 -0.071 0.622 0.78
66.4818 -100.296 158.048 0.9497 0.3418 -0.433 0.591 0.677
142.975 -167.834 219.012 0.8408 0.4431 -0.094 0.606 0.787
42.8175 -168.448 190.575 0.9751 0.4373 -0.756 0.48 0.449
50.628 -169.086 204.927 0.9575 0.4475 -0.409 0.591 0.693
66.4818 -100.296 158.048 0.9497 0.3418 -0.433 0.591 0.677
50.628 -169.086 204.927 0.9575 0.4475 -0.409 0.591 0.693
142.975 -167.834 219.012 0.8408 0.4431 -0.094 0.606 0.787
66.4818 -100.296 158.048 0.9497 0.3418 -0.433 0.591 0.677
-23.061 9.4617 -12.5887 0.0005 0.2961 -1 0.024 0.031
-26.378 -26.6736 17.1534 0.0031 0.2367 -0.992 0.102 -0.024
-22.108 23.8619 2.342 0.026 0.2981 -0.827 0.339 0.449
-26.378 -26.6736 17.1534 0.0031 0.2367 -0.992 0.102 -0.024
-26.2518 -22.6943 29.6492 0.0186 0.2305 -0.874 0.346 0.346
-22.108 23.8619 2.342 0.026 0.2981 -0.827 0.339 0.449
-26.2518 -22.6943 29.6492 0.0186 0.2305 -0.874 0.346 0.346
-26.378 -26.6736 17.1534 0.0031 0.2367 -0.992 0.102 -0.024
-32.2849 -60.0465 44.589 0.0011 0.182 -0.992 0.126 -0.031
-26.2518 -22.6943 29.6492 0.0186 0.2305 -0.874 0.346 0.346
-13.8737 -19.7816 37.7969 0.0379 0.2273 -0.276 0.543 0.795
-22.108 23.8619 2.342 0.026 0.2981 -0.827 0.339 0.449
-22.108 23.8619 2.342 0.026 0.2981 -0.827 0.339 0.449
-13.8737 -19.7816 37.7969 0.0379 0.2273 -0.276 0.543 0.795
-13.5988 28.429 5.7563 0.0378 0.2993 -0.386 0.591 0.709
-32.1217 -55.3927 53.0818 0.0129 0.1797 -0.874 0.354 0.331
-26.2518 -22.6943 29.6492 0.0186 0.2305 -0.874 0.346 0.346
-32.2849 -60.0465 44.589 0.0011 0.182 -0.992 0.126 -0.031
-32.1217 -55.3927 53.0818 0.0129 0.1797 -0.874 0.354 0.331
-32.2849 -60.0465 44.589 0.0011 0.182 -0.992 0.126 -0.031
-38.657 -114.367 89.0485 0.0023 0.0935 -0.992 0.126 -0.008
-13.8737 -19.7816 37.7969 0.0379 0.2273 -0.276 0.543 0.795
-26.2518 -22.6943 29.6492 0.0186 0.2305 -0.874 0.346 0.346
-23.2712 -53.2805 59.9639 0.0269 0.177 -0.315 0.559 0.764
-32.1217 -55.3927 53.0818 0.0129 0.1797 -0.874 0.354 0.331
-23.2712 -53.2805 59.9639 0.0269 0.177 -0.315 0.559 0.764
-26.2518 -22.6943 29.6492 0.0186 0.2305 -0.874 0.346 0.346
-38.4468 -113.267 91.7256 0.0058 0.0925 -0.858 0.346 0.378
-32.1217 -55.3927 53.0818 0.0129 0.1797 -0.874 0.354 0.331
-38.657 -114.367 89.0485 0.0023 0.0935 -0.992 0.126 -0.008
-38.4468 -113.267 91.7256 0.0058 0.0925 -0.858 0.346 0.378
-38.657 -114.367 89.0485 0.0023 0.0935 -0.992 0.126 -0.008
-42.2381 -137.585 107.585 0.0019 0.056 -0.528 0.488 0.693
-32.1217 -55.3927 53.0818 0.0129 0.1797 -0.874 0.354 0.331
-38.4468 -113.267 91.7256 0.0058 0.0925 -0.858 0.346 0.378
-29.6999 -111.031 97.9905 0.0193 0.0904 -0.291 0.543 0.787
-38.4468 -113.267 91.7256 0.0058 0.0925 -0.858 0.346 0.378
-42.2381 -137.585 107.585 0.0019 0.056 -0.528 0.488 0.693
-29.6999 -111.031 97.9905 0.0193 0.0904 -0.291 0.543 0.787
-32.1217 -55.3927 53.0818 0.0129 0.1797 -0.874 0.354 0.331
-29.6999 -111.031 97.9905 0.0193 0.0904 -0.291 0.543 0.787
-23.2712 -53.2805 59.9639 0.0269 0.177 -0.315 0.559 0.764
-42.2381 -137.585 107.585 0.0019 0.056 -0.528 0.488 0.693
-32.6591 -167.688 133.986 0.0161 0.00639999 -0.094 0.551 0.835
-29.6999 -111.031 97.9905 0.0193 0.0904 -0.291 0.543 0.787
-32.6591 -167.688 133.986 0.0161 0.00639999 -0.094 0.551 0.835
44.0325 -171.159 138.062 0.1122 0.000500023 -0.008 0.543 0.835
-29.6999 -111.031 97.9905 0.0193 0.0904 -0.291 0.543 0.787
44.0325 -171.159 138.062 0.1122 0.000500023 -0.008 0.543 0.835
55.9981 -113.104 99.5212 0.1267 0.0879 0 0.551 0.835
-29.6999 -111.031 97.9905 0.0193 0.0904 -0.291 0.543 0.787
-29.6999 -111.031 97.9905 0.0193 0.0904 -0.291 0.543 0.787
55.9981 -113.104 99.5212 0.1267 0.0879 0 0.551 0.835
-23.2712 -53.2805 59.9639 0.0269 0.177 -0.315 0.559 0.764
55.9981 -113.104 99.5212 0.1267 0.0879 0 0.551 0.835
79.5461 -48.1431 54.8423 0.1554 0.1869 0.598 0.441 0.669
-23.2712 -53.2805 59.9639 0.0269 0.177 -0.315 0.559 0.764
-13.8737 -19.7816 37.7969 0.0379 0.2273 -0.276 0.543 0.795
-23.2712 -53.2805 59.9639 0.0269 0.177 -0.315 0.559 0.764
79.5461 -48.1431 54.8423 0.1554 0.1869 0.598 0.441 0.669
79.5461 -48.1431 54.8423 0.1554 0.1869 0.598 0.441 0.669
75.5063 -24.0279 39.9295 0.1508 0.2228 0.457 0.488 0.74
-13.8737 -19.7816 37.7969 0.0379 0.2273 -0.276 0.543 0.795
-13.8737 -19.7816 37.7969 0.0379 0.2273 -0.276 0.543 0.795
75.5063 -24.0279 39.9295 0.1508 0.2228 0.457 0.488 0.74
-13.5988 28.429 5.7563 0.0378 0.2993 -0.386 0.591 0.709
79.5461 -48.1431 54.8423 0.1554 0.1869 0.598 0.441 0.669
79.0971 -25.1886 32.6608 0.1613 0.2267 0.976 0.094 0.205
75.5063 -24.0279 39.9295 0.1508 0.2228 0.457 0.488 0.74
78.5437 -60.9209 46.8253 0.1722 0.179 0.992 -0.094 -0.094
79.0971 -25.1886 32.6608 0.1613 0.2267 0.976 0.094 0.205
79.5461 -48.1431 54.8423 0.1554 0.1869 0.598 0.441 0.669
78.1164 -28.8255 10.6811 0.1877 0.2371 0.984 -0.126 -0.087
78.5437 -60.9209 46.8253 0.1722 0.179 0.992 -0.094 -0.094
76.6087 -81.5083 52.3325 0.1808 0.1534 0.984 -0.126 -0.126
79.0971 -25.1886 32.6608 0.1613 0.2267 0.976 0.094 0.205
78.5437 -60.9209 46.8253 0.1722 0.179 0.992 -0.094 -0.094
78.1164 -28.8255 10.6811 0.1877 0.2371 0.984 -0.126 -0.087
75.5063 -24.0279 39.9295 0.1508 0.2228 0.457 0.488 0.74
79.0971 -25.1886 32.6608 0.1613 0.2267 0.976 0.094 0.205
80.1137 45.6119 0.2378 0.1542 0.323 0.402 0.449 0.795
75.5063 -24.0279 39.9295 0.1508 0.2228 0.457 0.488 0.74
80.1137 45.6119 0.2378 0.1542 0.323 0.402 0.449 0.795
-13.5988 28.429 5.7563 0.0378 0.2993 -0.386 0.591 0.709
79.0971 -25.1886 32.6608 0.1613 0.2267 0.976 0.094 0.205
78.1164 -28.8255 10.6811 0.1877 0.2371 0.984 -0.126 -0.087
88.0323 40.7126 -6.5336 0.168 0.3232 0.961 0.071 0.26
88.0323 40.7126 -6.5336 0.168 0.3232 0.961 0.071 0.26
80.1137 45.6119 0.2378 0.1542 0.323 0.402 0.449 0.795
79.0971 -25.1886 32.6608 0.1613 0.2267 0.976 0.094 0.205
80.6674 35.5828 -50.0134 0.2195 0.3437 0.976 -0.173 -0.126
88.0323 40.7126 -6.5336 0.168 0.3232 0.961 0.071 0.26
78.1164 -28.8255 10.6811 0.1877 0.2371 0.984 -0.126 -0.087
80.6674 35.5828 -50.0134 0.2195 0.3437 0.976 -0.173 -0.126
88.8943 69.5185 -36.873 0.1816 0.3767 0.937 0.173 -0.299
88.0323 40.7126 -6.5336 0.168 0.3232 0.961 0.071 0.26
91.2139 72.7367 -27.8383 0.1713 0.3711 0.945 0.315 0.047
88.0323 40.7126 -6.5336 0.168 0.3232 0.961 0.071 0.26
88.8943 69.5185 -36.873 0.1816 0.3767 0.937 0.173 -0.299
88.0323 40.7126 -6.5336 0.168 0.3232 0.961 0.071 0.26
91.2139 72.7367 -27.8383 0.1713 0.3711 0.945 0.315 0.047
80.1137 45.6119 0.2378 0.1542 0.323 0.402 0.449 0.795
78.1743 78.4758 -41.2208 0.1682 0.3977 0.654 0.622 -0.433
91.2139 72.7367 -27.8383 0.1713 0.3711 0.945 0.315 0.047
88.8943 69.5185 -36.873 0.1816 0.3767 0.937 0.173 -0.299
91.2139 72.7367 -27.8383 0.1713 0.3711 0.945 0.315 0.047
78.1743 78.4758 -41.2208 0.1682 0.3977 0.654 0.622 -0.433
80.4625 88.2894 -23.9672 0.1527 0.3821 0.394 0.866 0.307
80.4625 88.2894 -23.9672 0.1527 0.3821 0.394 0.866 0.307
80.1137 45.6119 0.2378 0.1542 0.323 0.402 0.449 0.795
91.2139 72.7367 -27.8383 0.1713 0.3711 0.945 0.315 0.047
80.4625 88.2894 -23.9672 0.1527 0.3821 0.394 0.866 0.307
78.1743 78.4758 -41.2208 0.1682 0.3977 0.654 0.622 -0.433
70.2139 89.0936 -35.8203 0.1437 0.396 0.055 1 -0.008
80.1137 45.6119 0.2378 0.1542 0.323 0.402 0.449 0.795
80.4625 88.2894 -23.9672 0.1527 0.3821 0.394 0.866 0.307
-3.266 49.5053 -8.4271 0.0497 0.3315 -0.386 0.717 0.575
80.4625 88.2894 -23.9672 0.1527 0.3821 0.394 0.866 0.307
70.2139 89.0936 -35.8203 0.1437 0.396 0.055 1 -0.008
-3.266 49.5053 -8.4271 0.0497 0.3315 -0.386 0.717 0.575
-3.266 49.5053 -8.4271 0.0497 0.3315 -0.386 0.717 0.575
-13.5988 28.429 5.7563 0.0378 0.2993 -0.386 0.591 0.709
80.1137 45.6119 0.2378 0.1542 0.323 0.402 0.449 0.795
-8.3422 50.2861 -17.5526 0.0405 0.3406 -0.622 0.724 0.307
-3.266 49.5053 -8.4271 0.0497 0.3315 -0.386 0.717 0.575
70.2139 89.0936 -35.8203 0.1437 0.396 0.055 1 -0.008
-8.3422 50.2861 -17.5526 0.0405 0.3406 -0.622 0.724 0.307
-13.4006 43.687 -23.3172 0.0267 0.3386 -0.827 0.559 0.024
-3.266 49.5053 -8.4271 0.0497 0.3315 -0.386 0.717 0.575
-13.5988 28.429 5.7563 0.0378 0.2993 -0.386 0.591 0.709
-3.266 49.5053 -8.4271 0.0497 0.3315 -0.386 0.717 0.575
-23.8986 29.3603 -14.6162 0.0164 0.3162 -0.929 0.37 0.031
-3.266 49.5053 -8.4271 0.0497 0.3315 -0.386 0.717 0.575
-13.4006 43.687 -23.3172 0.0267 0.3386 -0.827 0.559 0.024
-23.8986 29.3603 -14.6162 0.0164 0.3162 -0.929 0.37 0.031
-13.5988 28.429 5.7563 0.0378 0.2993 -0.386 0.591 0.709
-23.8986 29.3603 -14.6162 0.0164 0.3162 -0.929 0.37 0.031
-22.108 23.8619 2.342 0.0262 0.2964 -0.858 0.425 0.283
-13.4006 43.687 -23.3172 0.0267 0.3386 -0.827 0.559 0.024
-14.1193 31.7907 -31.2662 0.0083 0.3384 -0.819 0.386 -0.425
-23.8986 29.3603 -14.6162 0.0164 0.3162 -0.929 0.37 0.031
-22.108 23.8619 2.342 0.0262 0.2964 -0.858 0.425 0.283
-23.8986 29.3603 -14.6162 0.0164 0.3162 -0.929 0.37 0.031
-23.061 9.4617 -12.5887 0.0005 0.2961 -1 0.024 0.031
-24.1954 22.2326 -22.0499 0.0038 0.3174 -0.969 0.181 -0.165
-23.8986 29.3603 -14.6162 0.0164 0.3162 -0.929 0.37 0.031
-14.1193 31.7907 -31.2662 0.0083 0.3384 -0.819 0.386 -0.425
-24.1954 22.2326 -22.0499 0.0038 0.3174 -0.969 0.181 -0.165
-23.061 9.4617 -12.5887 0.0005 0.2961 -1 0.024 0.031
-23.8986 29.3603 -14.6162 0.0164 0.3162 -0.929 0.37 0.031
-149.42 -169.067 -43.4148 0.5928 0.5361 -0.638 -0.205 -0.748
-159.072 -169.037 -36.2321 0.5767 0.5366 -0.811 -0.228 -0.543
-148.3 -161.369 -47.4683 0.5972 0.5254 -0.669 -0.094 -0.732
-159.072 -169.037 -36.2321 0.5767 0.5366 -0.811 -0.228 -0.543
-162.718 -154.895 -35.9441 0.5737 0.519 -0.913 0.11 -0.394
-148.3 -161.369 -47.4683 0.5972 0.5254 -0.669 -0.094 -0.732
-162.718 -154.895 -35.9441 0.5737 0.519 -0.913 0.11 -0.394
-159.072 -169.037 -36.2321 0.5767 0.5366 -0.811 -0.228 -0.543
-171.774 -167.922 12.6798 0.5112 0.5366 -0.89 0.465 -0.024
-162.718 -154.895 -35.9441 0.5737 0.519 -0.913 0.11 -0.394
-153.465 -138.298 -42.7128 0.585 0.4971 -0.874 0.307 -0.37
-148.3 -161.369 -47.4683 0.5972 0.5254 -0.669 -0.094 -0.732
-153.465 -138.298 -42.7128 0.585 0.4971 -0.874 0.307 -0.37
-140.914 -143.444 -57.1284 0.6099 0.5 -0.748 0.063 -0.661
-148.3 -161.369 -47.4683 0.5972 0.5254 -0.669 -0.094 -0.732
-171.774 -167.922 12.6798 0.5112 0.5366 -0.89 0.465 -0.024
-161.222 -150.741 17.4779 0.5078 0.5107 -0.85 0.528 0.008
-162.718 -154.895 -35.9441 0.5737 0.519 -0.913 0.11 -0.394
-162.718 -154.895 -35.9441 0.5737 0.519 -0.913 0.11 -0.394
-161.222 -150.741 17.4779 0.5078 0.5107 -0.85 0.528 0.008
-153.465 -138.298 -42.7128 0.585 0.4971 -0.874 0.307 -0.37
-140.914 -143.444 -57.1284 0.6099 0.5 -0.748 0.063 -0.661
-153.465 -138.298 -42.7128 0.585 0.4971 -0.874 0.307 -0.37
-138.801 -114.139 -54.7549 0.6035 0.4634 -0.827 0.433 -0.362
-138.801 -114.139 -54.7549 0.6035 0.4634 -0.827 0.433 -0.362
-153.465 -138.298 -42.7128 0.585 0.4971 -0.874 0.307 -0.37
-161.222 -150.741 17.4779 0.5078 0.5107 -0.85 0.528 0.008
-138.801 -114.139 -54.7549 0.6035 0.4634 -0.827 0.433 -0.362
-130.042 -121.749 -68.7269 0.6255 0.4685 -0.787 0.173 -0.591
-140.914 -143.444 -57.1284 0.6099 0.5 -0.748 0.063 -0.661
-161.222 -150.741 17.4779 0.5078 0.5107 -0.85 0.528 0.008
-171.774 -167.922 12.6798 0.5112 0.5366 -0.89 0.465 -0.024
-158.901 -148.65 95.3829 0.4104 0.4937 -0.717 0.669 0.181
-172.125 -169.166 120.287 0.375 0.519 -0.646 0.724 0.236
-158.901 -148.65 95.3829 0.4104 0.4937 -0.717 0.669 0.181
-171.774 -167.922 12.6798 0.5112 0.5366 -0.89 0.465 -0.024
-138.801 -114.139 -54.7549 0.6035 0.4634 -0.827 0.433 -0.362
-132.337 -110.75 -60.4211 0.6123 0.4558 -0.701 0.543 -0.457
-130.042 -121.749 -68.7269 0.6255 0.4685 -0.787 0.173 -0.591
-130.042 -121.749 -68.7269 0.6255 0.4685 -0.787 0.173 -0.591
-132.337 -110.75 -60.4211 0.6123 0.4558 -0.701 0.543 -0.457
-128.176 -112.106 -69.3435 0.625 0.4546 -0.709 0.528 -0.465
-138.801 -114.139 -54.7549 0.6035 0.4634 -0.827 0.433 -0.362
-132.848 -103.809 -46.8474 0.5952 0.4487 -0.717 0.685 -0.134
-132.337 -110.75 -60.4211 0.6123 0.4558 -0.701 0.543 -0.457
-138.801 -114.139 -54.7549 0.6035 0.4634 -0.827 0.433 -0.362
-161.222 -150.741 17.4779 0.5078 0.5107 -0.85 0.528 0.008
-132.848 -103.809 -46.8474 0.5952 0.4487 -0.717 0.685 -0.134
-132.337 -110.75 -60.4211 0.6123 0.4558 -0.701 0.543 -0.457
-119.141 -94.3754 -49.7225 0.6011 0.4287 -0.465 0.874 -0.142
-128.176 -112.106 -69.3435 0.625 0.4546 -0.709 0.528 -0.465
-132.337 -110.75 -60.4211 0.6123 0.4558 -0.701 0.543 -0.457
-132.848 -103.809 -46.8474 0.5952 0.4487 -0.717 0.685 -0.134
-119.141 -94.3754 -49.7225 0.6011 0.4287 -0.465 0.874 -0.142
-107.871 -97.8718 -74.4771 0.6343 0.4224 -0.465 0.843 -0.283
-128.176 -112.106 -69.3435 0.625 0.4546 -0.709 0.528 -0.465
-119.141 -94.3754 -49.7225 0.6011 0.4287 -0.465 0.874 -0.142
-100.8 -92.7997 -74.1215 0.6343 0.4104 -0.37 0.906 -0.22
-107.871 -97.8718 -74.4771 0.6343 0.4224 -0.465 0.843 -0.283
-93.891 -88.4959 -59.6084 0.6162 0.3975 -0.268 0.961 -0.039
-107.871 -97.8718 -74.4771 0.6343 0.4224 -0.465 0.843 -0.283
-119.141 -94.3754 -49.7225 0.6011 0.4287 -0.465 0.874 -0.142
-93.891 -88.4959 -59.6084 0.6162 0.3975 -0.268 0.961 -0.039
-119.141 -94.3754 -49.7225 0.6011 0.4287 -0.465 0.874 -0.142
-132.848 -103.809 -46.8474 0.5952 0.4487 -0.717 0.685 -0.134
-120.942 -97.2586 22.6249 0.5107 0.4265 -0.449 0.89 0.047
-93.891 -88.4959 -59.6084 0.6162 0.3975 -0.268 0.961 -0.039
-119.141 -94.3754 -49.7225 0.6011 0.4287 -0.465 0.874 -0.142
-120.942 -97.2586 22.6249 0.5107 0.4265 -0.449 0.89 0.047
-135.667 -110.718 25.3373 0.5049 0.4509 -0.756 0.661 0.039
-132.848 -103.809 -46.8474 0.5952 0.4487 -0.717 0.685 -0.134
-161.222 -150.741 17.4779 0.5078 0.5107 -0.85 0.528 0.008
-120.942 -97.2586 22.6249 0.5107 0.4265 -0.449 0.89 0.047
-132.848 -103.809 -46.8474 0.5952 0.4487 -0.717 0.685 -0.134
-135.667 -110.718 25.3373 0.5049 0.4509 -0.756 0.661 0.039
-135.667 -110.718 25.3373 0.5049 0.4509 -0.756 0.661 0.039
-161.222 -150.741 17.4779 0.5078 0.5107 -0.85 0.528 0.008
-140.75 -121.948 68.1403 0.4502 0.4595 -0.693 0.693 0.205
-158.901 -148.65 95.3829 0.4104 0.4937 -0.717 0.669 0.181
-140.75 -121.948 68.1403 0.4502 0.4595 -0.693 0.693 0.205
-161.222 -150.741 17.4779 0.5078 0.5107 -0.85 0.528 0.008
-120.942 -97.2586 22.6249 0.5107 0.4265 -0.449 0.89 0.047
-135.667 -110.718 25.3373 0.5049 0.4509 -0.756 0.661 0.039
-118.558 -98.0021 51.4243 0.4756 0.4226 -0.465 0.866 0.181
-124.861 -104.05 54.3157 0.4712 0.4326 -0.614 0.756 0.236
-135.667 -110.718 25.3373 0.5049 0.4509 -0.756 0.661 0.039
-140.75 -121.948 68.1403 0.4502 0.4595 -0.693 0.693 0.205
-124.861 -104.05 54.3157 0.4712 0.4326 -0.614 0.756 0.236
-118.558 -98.0021 51.4243 0.4756 0.4226 -0.465 0.866 0.181
-135.667 -110.718 25.3373 0.5049 0.4509 -0.756 0.661 0.039
-118.558 -98.0021 51.4243 0.4756 0.4226 -0.465 0.866 0.181
-111.479 -95.9364 55.5005 0.4714 0.4138 -0.299 0.913 0.26
-120.942 -97.2586 22.6249 0.5107 0.4265 -0.449 0.89 0.047
-118.558 -98.0021 51.4243 0.4756 0.4226 -0.465 0.866 0.181
-124.861 -104.05 54.3157 0.4712 0.4326 -0.614 0.756 0.236
-111.479 -95.9364 55.5005 0.4714 0.4138 -0.299 0.913 0.26
-120.942 -97.2586 22.6249 0.5107 0.4265 -0.449 0.89 0.047
-66.8162 -87.1628 57.3963 0.469 0.3564 0.307 0.921 0.244
-93.891 -88.4959 -59.6084 0.6162 0.3975 -0.268 0.961 -0.039
-66.8162 -87.1628 57.3963 0.469 0.3564 0.307 0.921 0.244
-120.942 -97.2586 22.6249 0.5107 0.4265 -0.449 0.89 0.047
-111.479 -95.9364 55.5005 0.4714 0.4138 -0.299 0.913 0.26
-61.018 -79.4079 -76.3131 0.6377 0.3547 -0.197 0.976 0.039
-93.891 -88.4959 -59.6084 0.6162 0.3975 -0.268 0.961 -0.039
-66.8162 -87.1628 57.3963 0.469 0.3564 0.307 0.921 0.244
-111.479 -95.9364 55.5005 0.4714 0.4138 -0.299 0.913 0.26
-124.861 -104.05 54.3157 0.4712 0.4326 -0.614 0.756 0.236
-110.603 -103.889 72.519 0.4487 0.4158 -0.276 0.78 0.559
-111.479 -95.9364 55.5005 0.4714 0.4138 -0.299 0.913 0.26
-110.603 -103.889 72.519 0.4487 0.4158 -0.276 0.78 0.559
-66.8162 -87.1628 57.3963 0.469 0.3564 0.307 0.921 0.244
-124.861 -104.05 54.3157 0.4712 0.4326 -0.614 0.756 0.236
-140.75 -121.948 68.1403 0.4502 0.4595 -0.693 0.693 0.205
-110.603 -103.889 72.519 0.4487 0.4158 -0.276 0.78 0.559
-66.8162 -87.1628 57.3963 0.469 0.3564 0.307 0.921 0.244
-63.7507 -90.7248 55.4221 0.4695 0.3499 0.283 0.913 0.283
-61.018 -79.4079 -76.3131 0.6377 0.3547 -0.197 0.976 0.039
-61.0088 -89.6922 56.5639 0.4685 0.3459 -0.63 0.677 0.386
-61.018 -79.4079 -76.3131 0.6377 0.3547 -0.197 0.976 0.039
-63.7507 -90.7248 55.4221 0.4695 0.3499 0.283 0.913 0.283
-61.0088 -89.6922 56.5639 0.4685 0.3459 -0.63 0.677 0.386
-63.7507 -90.7248 55.4221 0.4695 0.3499 0.283 0.913 0.283
-59.8286 -93.847 63.0273 0.4585 0.343 -0.772 0.331 0.543
-59.8286 -93.847 63.0273 0.4585 0.343 -0.772 0.331 0.543
-63.7507 -90.7248 55.4221 0.4695 0.3499 0.283 0.913 0.283
-61.4252 -97.0846 61.835 0.4565 0.3472 0.047 0.717 0.701
-63.7507 -90.7248 55.4221 0.4695 0.3499 0.283 0.913 0.283
-66.8162 -87.1628 57.3963 0.469 0.3564 0.307 0.921 0.244
-61.4252 -97.0846 61.835 0.4565 0.3472 0.047 0.717 0.701
-59.8286 -93.847 63.0273 0.4585 0.343 -0.772 0.331 0.543
-61.4252 -97.0846 61.835 0.4565 0.3472 0.047 0.717 0.701
-48.1879 -115.927 89.0998 0.4126 0.3311 -0.803 0.252 0.543
-61.4252 -97.0846 61.835 0.4565 0.3472 0.047 0.717 0.701
-66.8162 -87.1628 57.3963 0.469 0.3564 0.307 0.921 0.244
-65.2982 -94.2901 70.0981 0.4514 0.3579 0.402 0.756 0.512
-65.2982 -94.2901 70.0981 0.4514 0.3579 0.402 0.756 0.512
-66.8162 -87.1628 57.3963 0.469 0.3564 0.307 0.921 0.244
-110.603 -103.889 72.519 0.4487 0.4158 -0.276 0.78 0.559
-55.5796 -119.592 79.0137 0.4199 0.345 0.047 0.677 0.732
-48.1879 -115.927 89.0998 0.4126 0.3311 -0.803 0.252 0.543
-61.4252 -97.0846 61.835 0.4565 0.3472 0.047 0.717 0.701
-61.4252 -97.0846 61.835 0.4565 0.3472 0.047 0.717 0.701
-65.2982 -94.2901 70.0981 0.4514 0.3579 0.402 0.756 0.512
-55.5796 -119.592 79.0137 0.4199 0.345 0.047 0.677 0.732
-65.2982 -94.2901 70.0981 0.4514 0.3579 0.402 0.756 0.512
-110.603 -103.889 72.519 0.4487 0.4158 -0.276 0.78 0.559
-59.2922 -114.785 87.6064 0.4172 0.3574 0.457 0.685 0.567
-59.2922 -114.785 87.6064 0.4172 0.3574 0.457 0.685 0.567
-55.5796 -119.592 79.0137 0.4199 0.345 0.047 0.677 0.732
-65.2982 -94.2901 70.0981 0.4514 0.3579 0.402 0.756 0.512
-122.936 -118.171 85.4227 0.4294 0.4365 -0.307 0.756 0.575
-110.603 -103.889 72.519 0.4487 0.4158 -0.276 0.78 0.559
-140.75 -121.948 68.1403 0.4502 0.4595 -0.693 0.693 0.205
-122.936 -118.171 85.4227 0.4294 0.4365 -0.307 0.756 0.575
-59.2922 -114.785 87.6064 0.4172 0.3574 0.457 0.685 0.567
-110.603 -103.889 72.519 0.4487 0.4158 -0.276 0.78 0.559
-140.75 -121.948 68.1403 0.4502 0.4595 -0.693 0.693 0.205
-158.901 -148.65 95.3829 0.4104 0.4937 -0.717 0.669 0.181
-122.936 -118.171 85.4227 0.4294 0.4365 -0.307 0.756 0.575
-48.1879 -115.927 89.0998 0.4126 0.3311 -0.803 0.252 0.543
-55.5796 -119.592 79.0137 0.4199 0.345 0.047 0.677 0.732
-46.4547 -140.648 104.382 0.377 0.3472 -0.063 0.693 0.724
-55.5796 -119.592 79.0137 0.4199 0.345 0.047 0.677 0.732
-59.2922 -114.785 87.6064 0.4172 0.3574 0.457 0.685 0.567
-46.4547 -140.648 104.382 0.377 0.3472 -0.063 0.693 0.724
-42.2381 -137.585 107.585 0.3752 0.3396 -0.654 0.409 0.638
-48.1879 -115.927 89.0998 0.4126 0.3311 -0.803 0.252 0.543
-46.4547 -140.648 104.382 0.377 0.3472 -0.063 0.693 0.724
-42.2381 -137.585 107.585 0.3752 0.3396 -0.654 0.409 0.638
-46.4547 -140.648 104.382 0.377 0.3472 -0.063 0.693 0.724
-32.6591 -167.688 133.986 0.3237 0.3435 -0.52 0.496 0.693
-37.362 -168.428 133.3 0.3252 0.3491 -0.118 0.661 0.74
-32.6591 -167.688 133.986 0.3237 0.3435 -0.52 0.496 0.693
-46.4547 -140.648 104.382 0.377 0.3472 -0.063 0.693 0.724
-51.7905 -137.615 107.472 0.3784 0.356 0.339 0.709 0.614
-46.4547 -140.648 104.382 0.377 0.3472 -0.063 0.693 0.724
-59.2922 -114.785 87.6064 0.4172 0.3574 0.457 0.685 0.567
-46.4547 -140.648 104.382 0.377 0.3472 -0.063 0.693 0.724
-51.7905 -137.615 107.472 0.3784 0.356 0.339 0.709 0.614
-37.362 -168.428 133.3 0.3252 0.3491 -0.118 0.661 0.74
-51.7905 -137.615 107.472 0.3784 0.356 0.339 0.709 0.614
-59.2922 -114.785 87.6064 0.4172 0.3574 0.457 0.685 0.567
-122.936 -118.171 85.4227 0.4294 0.4365 -0.307 0.756 0.575
-43.3763 -167.868 134.115 0.3264 0.3562 0.236 0.701 0.669
-37.362 -168.428 133.3 0.3252 0.3491 -0.118 0.661 0.74
-51.7905 -137.615 107.472 0.3784 0.356 0.339 0.709 0.614
-141.599 -143.054 109.59 0.3931 0.4692 -0.291 0.764 0.575
-51.7905 -137.615 107.472 0.3784 0.356 0.339 0.709 0.614
-122.936 -118.171 85.4227 0.4294 0.4365 -0.307 0.756 0.575
-51.7905 -137.615 107.472 0.3784 0.356 0.339 0.709 0.614
-141.599 -143.054 109.59 0.3931 0.4692 -0.291 0.764 0.575
-43.3763 -167.868 134.115 0.3264 0.3562 0.236 0.701 0.669
-141.599 -143.054 109.59 0.3931 0.4692 -0.291 0.764 0.575
-122.936 -118.171 85.4227 0.4294 0.4365 -0.307 0.756 0.575
-158.901 -148.65 95.3829 0.4104 0.4937 -0.717 0.669 0.181
-163.975 -168.385 134.254 0.3562 0.5063 -0.339 0.78 0.528
-43.3763 -167.868 134.115 0.3264 0.3562 0.236 0.701 0.669
-141.599 -143.054 109.59 0.3931 0.4692 -0.291 0.764 0.575
-172.125 -169.166 120.287 0.375 0.519 -0.646 0.724 0.236
-141.599 -143.054 109.59 0.3931 0.4692 -0.291 0.764 0.575
-158.901 -148.65 95.3829 0.4104 0.4937 -0.717 0.669 0.181
-163.975 -168.385 134.254 0.3562 0.5063 -0.339 0.78 0.528
-141.599 -143.054 109.59 0.3931 0.4692 -0.291 0.764 0.575
-172.125 -169.166 120.287 0.375 0.519 -0.646 0.724 0.236
-95.9354 -168.38 -58.4448 0.5435 0.0704 -0.976 -0.079 0.197
-90.3263 -167.997 -45.8895 0.5571 0.0598 -0.906 0.126 0.402
-92.6892 -140.265 -60.0161 0.5664 0.0978 -0.913 0.087 0.402
-100.135 -151.111 -73.2452 0.543 0.0994 -0.969 -0.228 0.071
-95.9354 -168.38 -58.4448 0.5435 0.0704 -0.976 -0.079 0.197
-92.6892 -140.265 -60.0161 0.5664 0.0978 -0.913 0.087 0.402
-89.3914 -169.232 -73.5757 0.5254 0.0796 -0.819 -0.48 -0.307
-95.9354 -168.38 -58.4448 0.5435 0.0704 -0.976 -0.079 0.197
-100.135 -151.111 -73.2452 0.543 0.0994 -0.969 -0.228 0.071
-100.135 -151.111 -73.2452 0.543 0.0994 -0.969 -0.228 0.071
-93.1675 -154.611 -87.2624 0.5234 0.1049 -0.819 -0.512 -0.268
-89.3914 -169.232 -73.5757 0.5254 0.0796 -0.819 -0.48 -0.307
-100.135 -151.111 -73.2452 0.543 0.0994 -0.969 -0.228 0.071
-92.6892 -140.265 -60.0161 0.5664 0.0978 -0.913 0.087 0.402
-106.34 -132.008 -92.792 0.5391 0.1343 -0.969 -0.244 0.063
-100.135 -151.111 -73.2452 0.543 0.0994 -0.969 -0.228 0.071
-106.34 -132.008 -92.792 0.5391 0.1343 -0.969 -0.244 0.063
-93.1675 -154.611 -87.2624 0.5234 0.1049 -0.819 -0.512 -0.268
-98.4258 -113.327 -73.9163 0.5732 0.1356 -0.937 0.031 0.339
-106.34 -132.008 -92.792 0.5391 0.1343 -0.969 -0.244 0.063
-92.6892 -140.265 -60.0161 0.5664 0.0978 -0.913 0.087 0.402
-106.34 -132.008 -92.792 0.5391 0.1343 -0.969 -0.244 0.063
-101.24 -136.379 -102.213 0.5244 0.136 -0.85 -0.472 -0.228
-93.1675 -154.611 -87.2624 0.5234 0.1049 -0.819 -0.512 -0.268
-98.4258 -113.327 -73.9163 0.5732 0.1356 -0.937 0.031 0.339
-115.369 -94.9129 -124.168 0.5376 0.1959 -0.984 -0.189 0.055
-106.34 -132.008 -92.792 0.5391 0.1343 -0.969 -0.244 0.063
-106.34 -132.008 -92.792 0.5391 0.1343 -0.969 -0.244 0.063
-115.369 -94.9129 -124.168 0.5376 0.1959 -0.984 -0.189 0.055
-101.24 -136.379 -102.213 0.5244 0.136 -0.85 -0.472 -0.228
-98.4258 -113.327 -73.9163 0.5732 0.1356 -0.937 0.031 0.339
-100.8 -92.7997 -74.1215 0.5894 0.156 -0.961 -0.016 0.283
-115.369 -94.9129 -124.168 0.5376 0.1959 -0.984 -0.189 0.055
-115.369 -94.9129 -124.168 0.5376 0.1959 -0.984 -0.189 0.055
-111.514 -100.072 -133.333 0.5234 0.1973 -0.906 -0.378 -0.189
-101.24 -136.379 -102.213 0.5244 0.136 -0.85 -0.472 -0.228
-104.883 -64.2668 -93.9644 0.5928 0.1996 -0.953 0.016 0.291
-115.369 -94.9129 -124.168 0.5376 0.1959 -0.984 -0.189 0.055
-100.8 -92.7997 -74.1215 0.5894 0.156 -0.961 -0.016 0.283
-115.369 -94.9129 -124.168 0.5376 0.1959 -0.984 -0.189 0.055
-129.175 -32.155 -175.01 0.5376 0.2983 -0.992 -0.126 0.071
-111.514 -100.072 -133.333 0.5234 0.1973 -0.906 -0.378 -0.189
-115.369 -94.9129 -124.168 0.5376 0.1959 -0.984 -0.189 0.055
-104.883 -64.2668 -93.9644 0.5928 0.1996 -0.953 0.016 0.291
-129.175 -32.155 -175.01 0.5376 0.2983 -0.992 -0.126 0.071
-129.175 -32.155 -175.01 0.5376 0.2983 -0.992 -0.126 0.071
-124.559 -40.0632 -185.202 0.5205 0.2979 -0.913 -0.362 -0.197
-111.514 -100.072 -133.333 0.5234 0.1973 -0.906 -0.378 -0.189
-122.308 -13.3015 -158.269 0.5698 0.302 -0.945 0.102 0.307
-129.175 -32.155 -175.01 0.5376 0.2983 -0.992 -0.126 0.071
-104.883 -64.2668 -93.9644 0.5928 0.1996 -0.953 0.016 0.291
-124.559 -40.0632 -185.202 0.5205 0.2979 -0.913 -0.362 -0.197
-129.175 -32.155 -175.01 0.5376 0.2983 -0.992 -0.126 0.071
-128.725 -13.8824 -209.018 0.5176 0.3423 -0.898 -0.378 -0.213
-122.308 -13.3015 -158.269 0.5698 0.302 -0.945 0.102 0.307
-127.943 -1.8587 -188.736 0.5503 0.3381 -0.937 0.173 0.307
-129.175 -32.155 -175.01 0.5376 0.2983 -0.992 -0.126 0.071
-135.274 -4.6093 -203.074 0.5322 0.3479 -0.984 -0.157 0.008
-128.725 -13.8824 -209.018 0.5176 0.3423 -0.898 -0.378 -0.213
-129.175 -32.155 -175.01 0.5376 0.2983 -0.992 -0.126 0.071
-127.943 -1.8587 -188.736 0.5503 0.3381 -0.937 0.173 0.307
-135.274 -4.6093 -203.074 0.5322 0.3479 -0.984 -0.157 0.008
-129.175 -32.155 -175.01 0.5376 0.2983 -0.992 -0.126 0.071
