Vertex Count: 1230

Data:

-2.3115 11.4325 11.0203 0.998 0.5376 -0.433 0.614 0.654
1.786 14.973 9.9863 0.9468 0.6255 -0.063 0.669 0.74
-3.5698 13.0904 8.2393 0.9409 0.5132 -0.535 0.724 0.441
17.0058 0.7385 -23.6559 0.4934 0.958 -0.606 -0.252 -0.756
17.6771 -0.6105 -23.7726 0.4871 0.9336 -0.606 -0.252 -0.756
12.5725 -0.9987 -19.5381 0.5977 0.9434 -0.606 -0.252 -0.756
-17.3958 5.5036 -1.6963 0.5977 0.9434 -0.339 0.866 0.354
-15.8458 6.1099 -1.6377 0.5923 0.9683 -0.339 0.866 0.354
-15.7984 8.5794 -7.6913 0.4934 0.958 -0.339 0.866 0.354
-15.7984 8.5794 -7.6913 0.4934 0.958 -0.339 0.866 0.354
-17.2642 8.3294 -8.4347 0.4871 0.9336 -0.339 0.866 0.354
-17.3958 5.5036 -1.6963 0.5977 0.9434 -0.339 0.866 0.354
20.2688 -2.2103 8.2391 0.5977 0.9434 -0.394 -0.126 0.913
21.4304 -3.0943 8.6408 0.5923 0.9683 -0.394 -0.126 0.913
24.8923 1.2651 10.7241 0.4934 0.958 -0.394 -0.126 0.913
24.8923 1.2651 10.7241 0.4934 0.958 -0.394 -0.126 0.913
24.1871 2.5977 10.6201 0.4871 0.9336 -0.394 -0.126 0.913
20.2688 -2.2103 8.2391 0.5977 0.9434 -0.394 -0.126 0.913
1.786 14.973 9.9863 0.9395 0.1786 0.039 0.244 0.969
-2.3115 11.4325 11.0203 0.999 0.2487 0.008 0.11 0.992
11.1748 9 11.1211 0.77 0.2585 0 0.063 1
-2.9859 2.4619 11.2687 0.9902 0.3989 0.008 -0.087 1
11.1748 9 11.1211 0.77 0.2585 0 0.063 1
-2.3115 11.4325 11.0203 0.999 0.2487 0.008 0.11 0.992
11.1748 9 11.1211 0.77 0.2585 0 0.063 1
-2.9859 2.4619 11.2687 0.9902 0.3989 0.008 -0.087 1
12.3774 4.6273 11.2914 0.7402 0.3284 0.008 -0.071 1
9.21 -0.2274 10.2963 0.7817 0.4177 0.024 -0.244 0.969
12.3774 4.6273 11.2914 0.7402 0.3284 0.008 -0.071 1
-2.9859 2.4619 11.2687 0.9902 0.3989 0.008 -0.087 1
0.519 -1.6054 10.0453 0.9224 0.4609 0.024 -0.244 0.969
9.21 -0.2274 10.2963 0.7817 0.4177 0.024 -0.244 0.969
-2.9859 2.4619 11.2687 0.9902 0.3989 0.008 -0.087 1
12.4035 0.4604 -19.905 0.4714 0.625 -0.551 0.512 -0.654
13.1743 3.2944 -18.4391 0.4863 0.5723 -0.386 0.787 -0.488
17.0058 0.7385 -23.6559 0.5654 0.6577 -0.551 0.512 -0.654
17.0058 0.7385 -23.6559 0.5654 0.6577 -0.551 0.512 -0.654
13.1743 3.2944 -18.4391 0.4863 0.5723 -0.386 0.787 -0.488
18.1564 3.323 -22.5001 0.5864 0.6108 -0.362 0.811 -0.457
13.1743 3.2944 -18.4391 0.4863 0.5723 -0.386 0.787 -0.488
14.8987 5.1221 -14.5198 0.4958 0.4951 -0.165 0.945 -0.291
18.1564 3.323 -22.5001 0.5864 0.6108 -0.362 0.811 -0.457
19.7774 3.5607 -22.45 0.6123 0.6016 -0.165 0.945 -0.291
18.1564 3.323 -22.5001 0.5864 0.6108 -0.362 0.811 -0.457
14.8987 5.1221 -14.5198 0.4958 0.4951 -0.165 0.945 -0.291
22.1024 6.4362 -13.7826 0.6079 0.4443 0.252 0.961 -0.094
19.7774 3.5607 -22.45 0.6123 0.6016 -0.165 0.945 -0.291
14.8987 5.1221 -14.5198 0.4958 0.4951 -0.165 0.945 -0.291
22.1024 6.4362 -13.7826 0.6079 0.4443 0.252 0.961 -0.094
24.2634 5.2458 -18.0546 0.6631 0.5054 0.213 0.969 -0.118
19.7774 3.5607 -22.45 0.6123 0.6016 -0.165 0.945 -0.291
24.2634 5.2458 -18.0546 0.6631 0.5054 0.213 0.969 -0.118
22.1024 6.4362 -13.7826 0.6079 0.4443 0.252 0.961 -0.094
27.4513 3.4262 -17.294 0.7202 0.4807 0.52 0.85 0.071
22.3885 5.9059 -11.985 0.6104 0.4126 0.52 0.85 0.071
27.4513 3.4262 -17.294 0.7202 0.4807 0.52 0.85 0.071
22.1024 6.4362 -13.7826 0.6079 0.4443 0.252 0.961 -0.094
12.5725 -0.9987 -19.5381 0.4619 0.8374 -0.961 0.071 0.268
13.1461 -1.5944 -16.6851 0.4133 0.8491 -0.953 0.11 0.291
12.4035 0.4604 -19.905 0.468 0.8125 -0.961 0.071 0.268
13.1743 3.2944 -18.4391 0.4392 0.7651 -0.945 0.118 0.291
12.4035 0.4604 -19.905 0.468 0.8125 -0.961 0.071 0.268
13.1461 -1.5944 -16.6851 0.4133 0.8491 -0.953 0.11 0.291
13.1461 -1.5944 -16.6851 0.4133 0.8491 -0.953 0.11 0.291
14.5837 0.7621 -12.9853 0.3452 0.812 -0.717 0.157 0.685
13.1743 3.2944 -18.4391 0.4392 0.7651 -0.945 0.118 0.291
14.8987 5.1221 -14.5198 0.3665 0.7349 -0.795 0.48 0.362
13.1743 3.2944 -18.4391 0.4392 0.7651 -0.945 0.118 0.291
14.5837 0.7621 -12.9853 0.3452 0.812 -0.717 0.157 0.685
14.8987 5.1221 -14.5198 0.3665 0.7349 -0.795 0.48 0.362
14.5837 0.7621 -12.9853 0.3452 0.812 -0.717 0.157 0.685
15.27 4.812 -13.2818 0.3481 0.7441 -0.535 0.528 0.661
14.8987 5.1221 -14.5198 0.3665 0.7349 -0.795 0.48 0.362
15.27 4.812 -13.2818 0.3481 0.7441 -0.535 0.528 0.661
22.1024 6.4362 -13.7826 0.2551 0.6733 -0.197 0.929 0.299
14.5837 0.7621 -12.9853 0.3452 0.812 -0.717 0.157 0.685
21.8438 -0.2899 -11.3533 0.2179 0.8032 -0.197 0.11 0.976
15.27 4.812 -13.2818 0.3481 0.7441 -0.535 0.528 0.661
22.3885 5.9059 -11.985 0.2345 0.6987 -0.236 0.606 0.764
22.1024 6.4362 -13.7826 0.2551 0.6733 -0.197 0.929 0.299
15.27 4.812 -13.2818 0.3481 0.7441 -0.535 0.528 0.661
21.8438 -0.2899 -11.3533 0.2179 0.8032 -0.197 0.11 0.976
22.3885 5.9059 -11.985 0.2345 0.6987 -0.236 0.606 0.764
15.27 4.812 -13.2818 0.3481 0.7441 -0.535 0.528 0.661
7.9829 12.3628 -10.3796 0.312 0.8242 -0.126 0.386 -0.913
5.9792 5.5319 -12.9199 0.313 0.9507 -0.126 0.386 -0.913
6.3012 12.6588 -9.9246 0.2825 0.8271 -0.283 0.48 -0.827
4.0707 5.4926 -12.7757 0.2822 0.9614 -0.291 0.488 -0.819
6.3012 12.6588 -9.9246 0.2825 0.8271 -0.283 0.48 -0.827
5.9792 5.5319 -12.9199 0.313 0.9507 -0.126 0.386 -0.913
6.3012 12.6588 -9.9246 0.2825 0.8271 -0.283 0.48 -0.827
4.0707 5.4926 -12.7757 0.2822 0.9614 -0.291 0.488 -0.819
-3.4279 15.9194 -0.733 0.0595 0.7661 -0.457 0.591 -0.669
-6.5355 4.7825 -8.7062 0.0952 0.999 -0.441 0.575 -0.685
-3.4279 15.9194 -0.733 0.0595 0.7661 -0.457 0.591 -0.669
4.0707 5.4926 -12.7757 0.2822 0.9614 -0.291 0.488 -0.819
-6.5355 4.7825 -8.7062 0.0952 0.999 -0.441 0.575 -0.685
-8.193 6.8443 -6.2846 0.0494 0.9619 -0.512 0.63 -0.591
-3.4279 15.9194 -0.733 0.0595 0.7661 -0.457 0.591 -0.669
-6.6308 13.0607 0.2041 0.0057 0.8149 -0.512 0.63 -0.591
-3.4279 15.9194 -0.733 0.0595 0.7661 -0.457 0.591 -0.669
-8.193 6.8443 -6.2846 0.0494 0.9619 -0.512 0.63 -0.591
10.9413 -3.2466 27.7299 0.9395 0.1786 0 -0.244 0.969
13.0329 -0.7602 28.3503 0.999 0.2487 0.008 -0.11 0.992
4.8121 -0.5989 28.4108 0.77 0.2585 0.008 -0.063 1
13.0329 -0.7602 28.3503 0.999 0.2487 0.008 -0.11 0.992
12.5811 4.6185 28.4994 0.9902 0.3989 -0.024 0.087 1
4.8121 -0.5989 28.4108 0.77 0.2585 0.008 -0.063 1
3.6846 1.8776 28.513 0.7402 0.3284 -0.016 0.071 1
4.8121 -0.5989 28.4108 0.77 0.2585 0.008 -0.063 1
12.5811 4.6185 28.4994 0.9902 0.3989 -0.024 0.087 1
3.6846 1.8776 28.513 0.7402 0.3284 -0.016 0.071 1
12.5811 4.6185 28.4994 0.9902 0.3989 -0.024 0.087 1
5.1004 5.0543 27.9159 0.7817 0.4177 -0.063 0.236 0.969
12.5811 4.6185 28.4994 0.9902 0.3989 -0.024 0.087 1
10.1186 6.6955 27.7653 0.9224 0.4609 -0.063 0.236 0.969
5.1004 5.0543 27.9159 0.7817 0.4177 -0.063 0.236 0.969
7.0223 -2.2883 15.5104 0.312 0.8242 0.181 -0.362 -0.913
7.5611 1.9489 13.9862 0.313 0.9507 0.181 -0.362 -0.913
8.0467 -2.304 15.7833 0.2825 0.8271 0.354 -0.433 -0.827
8.6881 2.1533 14.0727 0.2822 0.9614 0.362 -0.441 -0.819
8.0467 -2.304 15.7833 0.2825 0.8271 0.354 -0.433 -0.827
7.5611 1.9489 13.9862 0.313 0.9507 0.181 -0.362 -0.913
8.0467 -2.304 15.7833 0.2825 0.8271 0.354 -0.433 -0.827
8.6881 2.1533 14.0727 0.2822 0.9614 0.362 -0.441 -0.819
14.1201 -3.3124 21.2983 0.0595 0.7661 0.543 -0.512 -0.669
14.9043 3.5805 16.5144 0.0952 0.999 0.528 -0.504 -0.685
14.1201 -3.3124 21.2983 0.0595 0.7661 0.543 -0.512 -0.669
8.6881 2.1533 14.0727 0.2822 0.9614 0.362 -0.441 -0.819
16.0819 2.5163 17.9674 0.0494 0.9619 0.606 -0.535 -0.591
14.1201 -3.3124 21.2983 0.0595 0.7661 0.543 -0.512 -0.669
14.9043 3.5805 16.5144 0.0952 0.999 0.528 -0.504 -0.685
15.7463 -1.3149 21.8606 0.0057 0.8149 0.606 -0.535 -0.591
14.1201 -3.3124 21.2983 0.0595 0.7661 0.543 -0.512 -0.669
16.0819 2.5163 17.9674 0.0494 0.9619 0.606 -0.535 -0.591
-15.7984 8.5794 -7.6913 0.5654 0.6577 0.425 0.843 0.331
-15.8458 6.1099 -1.6377 0.4714 0.625 0.425 0.843 0.331
-12.5578 4.6558 -1.9727 0.4863 0.5723 0.717 0.654 0.228
-12.8047 7.2983 -8.5261 0.5864 0.6108 0.748 0.63 0.213
-15.7984 8.5794 -7.6913 0.5654 0.6577 0.425 0.843 0.331
-12.5578 4.6558 -1.9727 0.4863 0.5723 0.717 0.654 0.228
-12.5578 4.6558 -1.9727 0.4863 0.5723 0.717 0.654 0.228
-10.0679 0.2136 -2.5149 0.4958 0.4951 0.906 0.425 0.071
-12.8047 7.2983 -8.5261 0.5864 0.6108 0.748 0.63 0.213
-12.4841 6.7508 -10.2138 0.6123 0.6016 0.906 0.425 0.071
-12.8047 7.2983 -8.5261 0.5864 0.6108 0.748 0.63 0.213
-10.0679 0.2136 -2.5149 0.4958 0.4951 0.906 0.425 0.071
-10.0679 0.2136 -2.5149 0.4958 0.4951 0.906 0.425 0.071
-8.3043 -2.7277 -9.8481 0.6079 0.4443 0.953 0.118 -0.268
-12.4841 6.7508 -10.2138 0.6123 0.6016 0.906 0.425 0.071
-10.0039 0.9042 -13.5045 0.6631 0.5054 0.961 0.15 -0.236
-12.4841 6.7508 -10.2138 0.6123 0.6016 0.906 0.425 0.071
-8.3043 -2.7277 -9.8481 0.6079 0.4443 0.953 0.118 -0.268
-10.0039 0.9042 -13.5045 0.6631 0.5054 0.961 0.15 -0.236
-8.3043 -2.7277 -9.8481 0.6079 0.4443 0.953 0.118 -0.268
-11.8022 -1.1285 -16.6088 0.7202 0.4807 0.866 -0.134 -0.48
-8.6766 -4.7603 -9.5661 0.6104 0.4126 0.866 -0.134 -0.48
-11.8022 -1.1285 -16.6088 0.7202 0.4807 0.866 -0.134 -0.48
-8.3043 -2.7277 -9.8481 0.6079 0.4443 0.953 0.118 -0.268
-17.3958 5.5036 -1.6963 0.4619 0.8374 0.063 0.039 1
-17.7135 2.2676 -1.3746 0.4133 0.8491 0.11 0.016 0.992
-15.8458 6.1099 -1.6377 0.468 0.8125 0.063 0.039 1
-15.8458 6.1099 -1.6377 0.468 0.8125 0.063 0.039 1
-17.7135 2.2676 -1.3746 0.4133 0.8491 0.11 0.016 0.992
-12.5578 4.6558 -1.9727 0.4392 0.7651 0.118 0.008 0.992
-14.6791 -1.7917 -1.6864 0.3452 0.812 0.197 -0.425 0.882
-12.5578 4.6558 -1.9727 0.4392 0.7651 0.118 0.008 0.992
-17.7135 2.2676 -1.3746 0.4133 0.8491 0.11 0.016 0.992
-10.0679 0.2136 -2.5149 0.3665 0.7349 0.488 -0.055 0.866
-12.5578 4.6558 -1.9727 0.4392 0.7651 0.118 0.008 0.992
-14.6791 -1.7917 -1.6864 0.3452 0.812 0.197 -0.425 0.882
-10.0679 0.2136 -2.5149 0.3665 0.7349 0.488 -0.055 0.866
-14.6791 -1.7917 -1.6864 0.3452 0.812 0.197 -0.425 0.882
-10.2581 -1.236 -2.5039 0.3481 0.7441 0.567 -0.417 0.709
-10.2581 -1.236 -2.5039 0.3481 0.7441 0.567 -0.417 0.709
-8.3043 -2.7277 -9.8481 0.2551 0.6733 0.953 -0.134 0.276
-10.0679 0.2136 -2.5149 0.3665 0.7349 0.488 -0.055 0.866
-10.2581 -1.236 -2.5039 0.3481 0.7441 0.567 -0.417 0.709
-14.6791 -1.7917 -1.6864 0.3452 0.812 0.197 -0.425 0.882
-15.4034 -5.9595 -8.7888 0.2179 0.8032 0.205 -0.858 0.48
-8.3043 -2.7277 -9.8481 0.2551 0.6733 0.953 -0.134 0.276
-10.2581 -1.236 -2.5039 0.3481 0.7441 0.567 -0.417 0.709
-8.6766 -4.7603 -9.5661 0.2345 0.6987 0.669 -0.591 0.449
-10.2581 -1.236 -2.5039 0.3481 0.7441 0.567 -0.417 0.709
-15.4034 -5.9595 -8.7888 0.2179 0.8032 0.205 -0.858 0.48
-8.6766 -4.7603 -9.5661 0.2345 0.6987 0.669 -0.591 0.449
29.8919 -0.6278 -2.055 0.6104 0.4126 0.969 -0.11 -0.236
31.6548 6.0963 1.3575 0.7202 0.4807 0.969 -0.11 -0.236
30.4997 -0.6897 -0.2602 0.6079 0.4443 0.937 -0.339 0.008
31.518 2.7786 3.0971 0.6631 0.5054 0.929 -0.37 0.039
30.4997 -0.6897 -0.2602 0.6079 0.4443 0.937 -0.339 0.008
31.6548 6.0963 1.3575 0.7202 0.4807 0.969 -0.11 -0.236
30.4997 -0.6897 -0.2602 0.6079 0.4443 0.937 -0.339 0.008
31.518 2.7786 3.0971 0.6631 0.5054 0.929 -0.37 0.039
25.5958 -5.2842 2.7405 0.4958 0.4951 0.732 -0.598 0.331
28.4914 1.4449 8.6956 0.6123 0.6016 0.732 -0.598 0.331
25.5958 -5.2842 2.7405 0.4958 0.4951 0.732 -0.598 0.331
31.518 2.7786 3.0971 0.6631 0.5054 0.929 -0.37 0.039
25.5958 -5.2842 2.7405 0.4958 0.4951 0.732 -0.598 0.331
28.4914 1.4449 8.6956 0.6123 0.6016 0.732 -0.598 0.331
23.8875 -4.5306 7.0054 0.4863 0.5723 0.512 -0.63 0.583
27.4135 0.3472 9.2612 0.5864 0.6108 0.543 -0.63 0.551
23.8875 -4.5306 7.0054 0.4863 0.5723 0.512 -0.63 0.583
28.4914 1.4449 8.6956 0.6123 0.6016 0.732 -0.598 0.331
27.4135 0.3472 9.2612 0.5864 0.6108 0.543 -0.63 0.551
24.8923 1.2651 10.7241 0.5654 0.6577 0.236 -0.551 0.795
23.8875 -4.5306 7.0054 0.4863 0.5723 0.512 -0.63 0.583
21.4304 -3.0943 8.6408 0.4714 0.625 0.236 -0.551 0.795
23.8875 -4.5306 7.0054 0.4863 0.5723 0.512 -0.63 0.583
24.8923 1.2651 10.7241 0.5654 0.6577 0.236 -0.551 0.795
21.4304 -3.0943 8.6408 0.468 0.8125 -0.528 -0.85 0.055
20.2688 -2.2103 8.2391 0.4619 0.8374 -0.528 -0.85 0.055
19.5702 -2.1631 5.3524 0.4133 0.8491 -0.488 -0.874 0.031
21.4304 -3.0943 8.6408 0.468 0.8125 -0.528 -0.85 0.055
19.5702 -2.1631 5.3524 0.4133 0.8491 -0.488 -0.874 0.031
23.8875 -4.5306 7.0054 0.4392 0.7651 -0.48 -0.874 0.024
23.8875 -4.5306 7.0054 0.4392 0.7651 -0.48 -0.874 0.024
19.5702 -2.1631 5.3524 0.4133 0.8491 -0.488 -0.874 0.031
21.5911 -3.3883 1.3872 0.3452 0.812 -0.394 -0.819 -0.417
21.5911 -3.3883 1.3872 0.3452 0.812 -0.394 -0.819 -0.417
25.5958 -5.2842 2.7405 0.3665 0.7349 -0.118 -0.992 -0.087
23.8875 -4.5306 7.0054 0.4392 0.7651 -0.48 -0.874 0.024
25.5958 -5.2842 2.7405 0.3665 0.7349 -0.118 -0.992 -0.087
21.5911 -3.3883 1.3872 0.3452 0.812 -0.394 -0.819 -0.417
25.3181 -5.1394 1.4488 0.3481 0.7441 0.008 -0.89 -0.449
25.3181 -5.1394 1.4488 0.3481 0.7441 0.008 -0.89 -0.449
30.4997 -0.6897 -0.2602 0.2551 0.6733 0.591 -0.772 -0.22
25.5958 -5.2842 2.7405 0.3665 0.7349 -0.118 -0.992 -0.087
21.5911 -3.3883 1.3872 0.3452 0.812 -0.394 -0.819 -0.417
24.4356 2.394 -2.4796 0.2179 0.8032 -0.197 -0.472 -0.858
25.3181 -5.1394 1.4488 0.3481 0.7441 0.008 -0.89 -0.449
25.3181 -5.1394 1.4488 0.3481 0.7441 0.008 -0.89 -0.449
29.8919 -0.6278 -2.055 0.2345 0.6987 0.22 -0.732 -0.646
30.4997 -0.6897 -0.2602 0.2551 0.6733 0.591 -0.772 -0.22
24.4356 2.394 -2.4796 0.2179 0.8032 -0.197 -0.472 -0.858
29.8919 -0.6278 -2.055 0.2345 0.6987 0.22 -0.732 -0.646
25.3181 -5.1394 1.4488 0.3481 0.7441 0.008 -0.89 -0.449
6.7755 0.6618 -19.233 0.9395 0.1786 0.976 -0.157 -0.142
6.5958 0.8014 -20.6036 0.999 0.2487 0.969 -0.063 -0.244
7.3262 3.2611 -18.2921 0.77 0.2585 0.961 -0.031 -0.276
6.1681 2.5518 -21.9807 0.9902 0.3989 0.929 0.094 -0.354
7.3262 3.2611 -18.2921 0.77 0.2585 0.961 -0.031 -0.276
6.5958 0.8014 -20.6036 0.999 0.2487 0.969 -0.063 -0.244
7.2234 4.337 -18.6661 0.7402 0.3284 0.937 0.087 -0.346
7.3262 3.2611 -18.2921 0.77 0.2585 0.961 -0.031 -0.276
6.1681 2.5518 -21.9807 0.9902 0.3989 0.929 0.094 -0.354
6.5498 4.871 -19.8735 0.7817 0.4177 0.882 0.228 -0.417
7.2234 4.337 -18.6661 0.7402 0.3284 0.937 0.087 -0.346
6.1681 2.5518 -21.9807 0.9902 0.3989 0.929 0.094 -0.354
5.8882 3.8913 -21.7507 0.9224 0.4609 0.882 0.228 -0.417
6.5498 4.871 -19.8735 0.7817 0.4177 0.882 0.228 -0.417
6.1681 2.5518 -21.9807 0.9902 0.3989 0.929 0.094 -0.354
2.152 1.9863 -16.7675 0.312 0.8242 -0.819 -0.409 0.402
1.0817 3.0877 -17.8943 0.313 0.9507 -0.819 -0.409 0.402
2.1724 1.6837 -17.0936 0.2825 0.8271 -0.764 -0.575 0.299
0.9972 2.8194 -18.2862 0.2822 0.9614 -0.756 -0.591 0.291
2.1724 1.6837 -17.0936 0.2825 0.8271 -0.764 -0.575 0.299
1.0817 3.0877 -17.8943 0.313 0.9507 -0.819 -0.409 0.402
2.1724 1.6837 -17.0936 0.2825 0.8271 -0.764 -0.575 0.299
0.9972 2.8194 -18.2862 0.2822 0.9614 -0.756 -0.591 0.291
3.9375 -0.3495 -19.2849 0.0595 0.7661 -0.63 -0.756 0.173
1.2854 1.4481 -20.7889 0.0952 0.999 -0.646 -0.74 0.181
3.9375 -0.3495 -19.2849 0.0595 0.7661 -0.63 -0.756 0.173
0.9972 2.8194 -18.2862 0.2822 0.9614 -0.756 -0.591 0.291
1.2854 1.4481 -20.7889 0.0952 0.999 -0.646 -0.74 0.181
1.8657 0.7963 -21.0239 0.0494 0.9619 -0.559 -0.819 0.126
3.9375 -0.3495 -19.2849 0.0595 0.7661 -0.63 -0.756 0.173
3.8233 -0.2208 -20.3788 0.0057 0.8149 -0.559 -0.819 0.126
3.9375 -0.3495 -19.2849 0.0595 0.7661 -0.63 -0.756 0.173
1.8657 0.7963 -21.0239 0.0494 0.9619 -0.559 -0.819 0.126
-10.7818 0.1658 3.525 0.9395 0.1786 0.976 -0.126 -0.165
-10.9076 0.4266 2.5966 0.999 0.2487 0.969 -0.024 -0.252
-10.3964 1.8455 4.4859 0.77 0.2585 0.961 0.016 -0.276
-11.207 1.799 1.857 0.9902 0.3989 0.929 0.157 -0.331
-10.3964 1.8455 4.4859 0.77 0.2585 0.961 0.016 -0.276
-10.9076 0.4266 2.5966 0.999 0.2487 0.969 -0.024 -0.252
-10.4683 2.6323 4.3571 0.7402 0.3284 0.937 0.142 -0.323
-10.3964 1.8455 4.4859 0.77 0.2585 0.961 0.016 -0.276
-11.207 1.799 1.857 0.9902 0.3989 0.929 0.157 -0.331
-10.9398 3.1455 3.5886 0.7817 0.4177 0.882 0.299 -0.37
-10.4683 2.6323 4.3571 0.7402 0.3284 0.937 0.142 -0.323
-11.207 1.799 1.857 0.9902 0.3989 0.929 0.157 -0.331
-11.4029 2.6952 2.1764 0.9224 0.4609 0.882 0.299 -0.37
-10.9398 3.1455 3.5886 0.7817 0.4177 0.882 0.299 -0.37
-11.207 1.799 1.857 0.9902 0.3989 0.929 0.157 -0.331
-14.0183 0.7833 5.3843 0.312 0.8242 -0.819 -0.472 0.323
-14.7675 1.6781 4.7395 0.313 0.9507 -0.819 -0.472 0.323
-14.004 0.6138 5.1231 0.2825 0.8271 -0.764 -0.614 0.197
-14.8266 1.5402 4.4369 0.2822 0.9614 -0.756 -0.63 0.189
-14.004 0.6138 5.1231 0.2825 0.8271 -0.764 -0.614 0.197
-14.7675 1.6781 4.7395 0.313 0.9507 -0.819 -0.472 0.323
-14.004 0.6138 5.1231 0.2825 0.8271 -0.764 -0.614 0.197
-14.8266 1.5402 4.4369 0.2822 0.9614 -0.756 -0.63 0.189
-12.7685 -0.5254 3.3678 0.0595 0.7661 -0.63 -0.78 0.039
-14.6249 0.8948 2.5464 0.0952 0.999 -0.646 -0.764 0.055
-12.7685 -0.5254 3.3678 0.0595 0.7661 -0.63 -0.78 0.039
-14.8266 1.5402 4.4369 0.2822 0.9614 -0.756 -0.63 0.189
-14.6249 0.8948 2.5464 0.0952 0.999 -0.646 -0.764 0.055
-14.2187 0.4735 2.3061 0.0494 0.9619 -0.559 -0.827 -0.016
-12.7685 -0.5254 3.3678 0.0595 0.7661 -0.63 -0.78 0.039
-12.8484 -0.3053 2.6289 0.0057 0.8149 -0.559 -0.827 -0.016
-12.7685 -0.5254 3.3678 0.0595 0.7661 -0.63 -0.78 0.039
-14.2187 0.4735 2.3061 0.0494 0.9619 -0.559 -0.827 -0.016
24.9349 -2.4533 -14.996 0.4041 0.9785 0.63 -0.299 0.717
25.6636 -1.2845 -14.9855 0.395 0.957 0.693 -0.094 0.709
23.1199 -2.4972 -13.2473 0.4463 0.9785 0.63 -0.299 0.717
21.8438 -0.2899 -11.3533 0.4832 0.9404 0.701 -0.055 0.709
23.1199 -2.4972 -13.2473 0.4463 0.9785 0.63 -0.299 0.717
25.6636 -1.2845 -14.9855 0.395 0.957 0.693 -0.094 0.709
25.6636 -1.2845 -14.9855 0.395 0.957 0.693 -0.094 0.709
27.4513 3.4262 -17.294 0.3464 0.8784 0.724 0.039 0.685
21.8438 -0.2899 -11.3533 0.4832 0.9404 0.701 -0.055 0.709
22.3885 5.9059 -11.985 0.4692 0.8369 0.717 0.031 0.701
21.8438 -0.2899 -11.3533 0.4832 0.9404 0.701 -0.055 0.709
27.4513 3.4262 -17.294 0.3464 0.8784 0.724 0.039 0.685
27.4513 3.4262 -17.294 0.3464 0.8784 0.724 0.039 0.685
25.6636 -1.2845 -14.9855 0.395 0.957 0.693 -0.094 0.709
27.6756 1.7114 -17.4474 0.342 0.9072 0.748 0.039 0.661
-18.0664 -3.3975 -13.2188 0.4041 0.9785 -0.205 -0.898 -0.394
-16.7619 -3.5086 -13.9814 0.395 0.957 0 -0.89 -0.457
-17.9834 -4.6455 -10.7442 0.4463 0.9785 -0.205 -0.898 -0.394
-15.4034 -5.9595 -8.7888 0.4832 0.9404 0.039 -0.89 -0.457
-17.9834 -4.6455 -10.7442 0.4463 0.9785 -0.205 -0.898 -0.394
-16.7619 -3.5086 -13.9814 0.395 0.957 0 -0.89 -0.457
-16.7619 -3.5086 -13.9814 0.395 0.957 0 -0.89 -0.457
-11.8022 -1.1285 -16.6088 0.3464 0.8784 0.126 -0.858 -0.496
-15.4034 -5.9595 -8.7888 0.4832 0.9404 0.039 -0.89 -0.457
-8.6766 -4.7603 -9.5661 0.4692 0.8369 0.126 -0.866 -0.48
-15.4034 -5.9595 -8.7888 0.4832 0.9404 0.039 -0.89 -0.457
-11.8022 -1.1285 -16.6088 0.3464 0.8784 0.126 -0.858 -0.496
-11.8022 -1.1285 -16.6088 0.3464 0.8784 0.126 -0.858 -0.496
-16.7619 -3.5086 -13.9814 0.395 0.957 0 -0.89 -0.457
-13.6874 -1.2382 -16.8944 0.342 0.9072 0.126 -0.843 -0.52
-8.193 6.8443 -6.2846 0.5542 0.0759 -0.961 0.283 -0.039
-9.4577 3.3621 -0.5736 0.6523 0.0086 -0.953 0.197 0.228
-6.6308 13.0607 0.2041 0.6724 0.184 -0.906 0.417 0.039
-6.9593 12.1841 2.0295 0.7036 0.1667 -0.874 0.417 0.26
-6.6308 13.0607 0.2041 0.6724 0.184 -0.906 0.417 0.039
-9.4577 3.3621 -0.5736 0.6523 0.0086 -0.953 0.197 0.228
-9.4577 3.3621 -0.5736 0.6523 0.0086 -0.953 0.197 0.228
-2.9859 2.4619 11.2687 0.8608 0.000999987 -0.874 0.094 0.472
-6.9593 12.1841 2.0295 0.7036 0.1667 -0.874 0.417 0.26
-6.9593 12.1841 2.0295 0.7036 0.1667 -0.874 0.417 0.26
-3.5698 13.0904 8.2393 0.814 0.1868 -0.874 0.157 0.457
-6.6308 13.0607 0.2041 0.6724 0.184 -0.906 0.417 0.039
-2.3115 11.4325 11.0203 0.8618 0.1591 -0.874 0.094 0.472
-6.9593 12.1841 2.0295 0.7036 0.1667 -0.874 0.417 0.26
-2.9859 2.4619 11.2687 0.8608 0.000999987 -0.874 0.094 0.472
-6.9593 12.1841 2.0295 0.7036 0.1667 -0.874 0.417 0.26
-2.3115 11.4325 11.0203 0.8618 0.1591 -0.874 0.094 0.472
-3.5698 13.0904 8.2393 0.814 0.1868 -0.874 0.157 0.457
27.6756 1.7114 -17.4474 0.0525 0.4949 0.843 -0.543 0.031
25.6636 -1.2845 -14.9855 0.1145 0.5337 0.803 -0.591 0.008
25.7113 -1.4194 -18.7657 0.0564 0.5605 0.638 -0.732 -0.244
25.7113 -1.4194 -18.7657 0.0564 0.5605 0.638 -0.732 -0.244
25.6636 -1.2845 -14.9855 0.1145 0.5337 0.803 -0.591 0.008
24.8174 -2.3055 -17.9882 0.0775 0.5723 0.354 -0.906 -0.213
25.7113 -1.4194 -18.7657 0.0564 0.5605 0.638 -0.732 -0.244
24.8174 -2.3055 -17.9882 0.0775 0.5723 0.354 -0.906 -0.213
20.8272 0.1955 -23.5024 0.0005 0.665 0.26 -0.795 -0.551
24.9349 -2.4533 -14.996 0.1238 0.5552 0.299 -0.953 -0.055
24.8174 -2.3055 -17.9882 0.0775 0.5723 0.354 -0.906 -0.213
25.6636 -1.2845 -14.9855 0.1145 0.5337 0.803 -0.591 0.008
17.6771 -0.6105 -23.7726 0.019 0.7168 0.024 -0.961 -0.268
20.8272 0.1955 -23.5024 0.0005 0.665 0.26 -0.795 -0.551
24.8174 -2.3055 -17.9882 0.0775 0.5723 0.354 -0.906 -0.213
20.3658 -2.1403 -13.7396 0.1672 0.6221 -0.189 -0.929 0.323
24.8174 -2.3055 -17.9882 0.0775 0.5723 0.354 -0.906 -0.213
24.9349 -2.4533 -14.996 0.1238 0.5552 0.299 -0.953 -0.055
24.8174 -2.3055 -17.9882 0.0775 0.5723 0.354 -0.906 -0.213
20.3658 -2.1403 -13.7396 0.1672 0.6221 -0.189 -0.929 0.323
17.6771 -0.6105 -23.7726 0.019 0.7168 0.024 -0.961 -0.268
23.1199 -2.4972 -13.2473 0.1615 0.5752 -0.142 -0.969 0.205
20.3658 -2.1403 -13.7396 0.1672 0.6221 -0.189 -0.929 0.323
24.9349 -2.4533 -14.996 0.1238 0.5552 0.299 -0.953 -0.055
23.1199 -2.4972 -13.2473 0.1615 0.5752 -0.142 -0.969 0.205
21.8438 -0.2899 -11.3533 0.2131 0.5894 -0.252 -0.717 0.654
20.3658 -2.1403 -13.7396 0.1672 0.6221 -0.189 -0.929 0.323
21.8438 -0.2899 -11.3533 0.2131 0.5894 -0.252 -0.717 0.654
14.5837 0.7621 -12.9853 0.224 0.7153 -0.283 -0.724 0.63
20.3658 -2.1403 -13.7396 0.1672 0.6221 -0.189 -0.929 0.323
14.5837 0.7621 -12.9853 0.224 0.7153 -0.283 -0.724 0.63
13.1461 -1.5944 -16.6851 0.1564 0.7524 -0.15 -0.984 0.102
20.3658 -2.1403 -13.7396 0.1672 0.6221 -0.189 -0.929 0.323
20.3658 -2.1403 -13.7396 0.1672 0.6221 -0.189 -0.929 0.323
13.1461 -1.5944 -16.6851 0.1564 0.7524 -0.15 -0.984 0.102
17.6771 -0.6105 -23.7726 0.019 0.7168 0.024 -0.961 -0.268
12.5725 -0.9987 -19.5381 0.1128 0.7769 -0.079 -0.976 -0.189
17.6771 -0.6105 -23.7726 0.019 0.7168 0.024 -0.961 -0.268
13.1461 -1.5944 -16.6851 0.1564 0.7524 -0.15 -0.984 0.102
16.0819 2.5163 17.9674 0.5542 0.0759 0.992 -0.126 -0.039
16.5007 4.6993 21.394 0.6523 0.0086 0.976 -0.039 0.228
15.7463 -1.3149 21.8606 0.6724 0.184 0.961 -0.268 0.039
15.8578 -0.7644 22.9558 0.7036 0.1667 0.929 -0.276 0.26
15.7463 -1.3149 21.8606 0.6724 0.184 0.961 -0.268 0.039
16.5007 4.6993 21.394 0.6523 0.0086 0.976 -0.039 0.228
16.5007 4.6993 21.394 0.6523 0.0086 0.976 -0.039 0.228
12.5811 4.6185 28.4994 0.8608 0.000999987 0.882 0.047 0.472
15.8578 -0.7644 22.9558 0.7036 0.1667 0.929 -0.276 0.26
15.8578 -0.7644 22.9558 0.7036 0.1667 0.929 -0.276 0.26
13.9357 -1.6229 26.6817 0.814 0.1868 0.89 -0.016 0.457
15.7463 -1.3149 21.8606 0.6724 0.184 0.961 -0.268 0.039
13.0329 -0.7602 28.3503 0.8618 0.1591 0.882 0.039 0.472
15.8578 -0.7644 22.9558 0.7036 0.1667 0.929 -0.276 0.26
12.5811 4.6185 28.4994 0.8608 0.000999987 0.882 0.047 0.472
15.8578 -0.7644 22.9558 0.7036 0.1667 0.929 -0.276 0.26
13.0329 -0.7602 28.3503 0.8618 0.1591 0.882 0.039 0.472
13.9357 -1.6229 26.6817 0.814 0.1868 0.89 -0.016 0.457
-13.6874 -1.2382 -16.8944 0.0525 0.4949 -0.512 -0.331 -0.795
-16.7619 -3.5086 -13.9814 0.1145 0.5337 -0.559 -0.307 -0.772
-17.3243 0.4121 -15.2569 0.0564 0.5605 -0.732 -0.031 -0.677
-17.3243 0.4121 -15.2569 0.0564 0.5605 -0.732 -0.031 -0.677
-16.7619 -3.5086 -13.9814 0.1145 0.5337 -0.559 -0.307 -0.772
-18.2384 -0.2146 -14.0653 0.0775 0.5723 -0.913 0.008 -0.402
-17.3243 0.4121 -15.2569 0.0564 0.5605 -0.732 -0.031 -0.677
-18.2384 -0.2146 -14.0653 0.0775 0.5723 -0.913 0.008 -0.402
-16.2457 7.1244 -11.6584 0.0005 0.665 -0.835 0.362 -0.409
-18.0664 -3.3975 -13.2188 0.1238 0.5552 -0.945 -0.134 -0.299
-18.2384 -0.2146 -14.0653 0.0775 0.5723 -0.913 0.008 -0.402
-16.7619 -3.5086 -13.9814 0.1145 0.5337 -0.559 -0.307 -0.772
-17.2642 8.3294 -8.4347 0.019 0.7168 -0.984 0.15 -0.102
-16.2457 7.1244 -11.6584 0.0005 0.665 -0.835 0.362 -0.409
-18.2384 -0.2146 -14.0653 0.0775 0.5723 -0.913 0.008 -0.402
-18.2384 -0.2146 -14.0653 0.0775 0.5723 -0.913 0.008 -0.402
-18.0664 -3.3975 -13.2188 0.1238 0.5552 -0.945 -0.134 -0.299
-17.7408 -3.2019 -8.0088 0.1672 0.6221 -0.898 -0.346 0.276
-18.2384 -0.2146 -14.0653 0.0775 0.5723 -0.913 0.008 -0.402
-17.7408 -3.2019 -8.0088 0.1672 0.6221 -0.898 -0.346 0.276
-17.2642 8.3294 -8.4347 0.019 0.7168 -0.984 0.15 -0.102
-18.0664 -3.3975 -13.2188 0.1238 0.5552 -0.945 -0.134 -0.299
-17.9834 -4.6455 -10.7442 0.1615 0.5752 -0.945 -0.26 0.197
-17.7408 -3.2019 -8.0088 0.1672 0.6221 -0.898 -0.346 0.276
-17.9834 -4.6455 -10.7442 0.1615 0.5752 -0.945 -0.26 0.197
-15.4034 -5.9595 -8.7888 0.2131 0.5894 -0.654 -0.622 0.433
-17.7408 -3.2019 -8.0088 0.1672 0.6221 -0.898 -0.346 0.276
-17.7408 -3.2019 -8.0088 0.1672 0.6221 -0.898 -0.346 0.276
-15.4034 -5.9595 -8.7888 0.2131 0.5894 -0.654 -0.622 0.433
-14.6791 -1.7917 -1.6864 0.224 0.7153 -0.661 -0.598 0.457
-14.6791 -1.7917 -1.6864 0.224 0.7153 -0.661 -0.598 0.457
-17.7135 2.2676 -1.3746 0.1564 0.7524 -0.969 -0.157 0.173
-17.7408 -3.2019 -8.0088 0.1672 0.6221 -0.898 -0.346 0.276
-17.7135 2.2676 -1.3746 0.1564 0.7524 -0.969 -0.157 0.173
-17.2642 8.3294 -8.4347 0.019 0.7168 -0.984 0.15 -0.102
-17.7408 -3.2019 -8.0088 0.1672 0.6221 -0.898 -0.346 0.276
-17.3958 5.5036 -1.6963 0.1128 0.7769 -0.992 0.102 0.024
-17.2642 8.3294 -8.4347 0.019 0.7168 -0.984 0.15 -0.102
-17.7135 2.2676 -1.3746 0.1564 0.7524 -0.969 -0.157 0.173
30.4125 7.307 1.4311 0.0525 0.4949 0.016 0.953 -0.299
26.4088 6.8603 -0.2586 0.1145 0.5337 -0.039 0.961 -0.26
27.0285 7.958 3.308 0.0564 0.5605 -0.197 0.976 0.031
27.0285 7.958 3.308 0.0564 0.5605 -0.197 0.976 0.031
26.4088 6.8603 -0.2586 0.1145 0.5337 -0.039 0.961 -0.26
25.6704 7.5828 2.8571 0.0775 0.5723 -0.504 0.858 0.087
27.0285 7.958 3.308 0.0564 0.5605 -0.197 0.976 0.031
25.6704 7.5828 2.8571 0.0775 0.5723 -0.504 0.858 0.087
26.5294 4.4858 9.3573 0.0005 0.665 -0.394 0.803 0.433
25.0584 6.9817 -0.0158 0.1238 0.5552 -0.598 0.795 -0.047
25.6704 7.5828 2.8571 0.0775 0.5723 -0.504 0.858 0.087
26.4088 6.8603 -0.2586 0.1145 0.5337 -0.039 0.961 -0.26
24.1871 2.5977 10.6201 0.019 0.7168 -0.717 0.646 0.252
26.5294 4.4858 9.3573 0.0005 0.665 -0.394 0.803 0.433
25.6704 7.5828 2.8571 0.0775 0.5723 -0.504 0.858 0.087
25.0584 6.9817 -0.0158 0.1238 0.5552 -0.598 0.795 -0.047
22.5596 2.9523 0.2539 0.1672 0.6221 -0.921 0.307 -0.244
25.6704 7.5828 2.8571 0.0775 0.5723 -0.504 0.858 0.087
25.6704 7.5828 2.8571 0.0775 0.5723 -0.504 0.858 0.087
22.5596 2.9523 0.2539 0.1672 0.6221 -0.921 0.307 -0.244
24.1871 2.5977 10.6201 0.019 0.7168 -0.717 0.646 0.252
23.6966 5.1542 -1.0927 0.1615 0.5752 -0.906 0.402 -0.15
22.5596 2.9523 0.2539 0.1672 0.6221 -0.921 0.307 -0.244
25.0584 6.9817 -0.0158 0.1238 0.5552 -0.598 0.795 -0.047
23.6966 5.1542 -1.0927 0.1615 0.5752 -0.906 0.402 -0.15
24.4356 2.394 -2.4796 0.2131 0.5894 -0.843 0.055 -0.543
22.5596 2.9523 0.2539 0.1672 0.6221 -0.921 0.307 -0.244
22.5596 2.9523 0.2539 0.1672 0.6221 -0.921 0.307 -0.244
24.4356 2.394 -2.4796 0.2131 0.5894 -0.843 0.055 -0.543
21.5911 -3.3883 1.3872 0.224 0.7153 -0.858 0.039 -0.512
21.5911 -3.3883 1.3872 0.224 0.7153 -0.858 0.039 -0.512
19.5702 -2.1631 5.3524 0.1564 0.7524 -0.906 0.425 -0.047
22.5596 2.9523 0.2539 0.1672 0.6221 -0.921 0.307 -0.244
19.5702 -2.1631 5.3524 0.1564 0.7524 -0.906 0.425 -0.047
24.1871 2.5977 10.6201 0.019 0.7168 -0.717 0.646 0.252
22.5596 2.9523 0.2539 0.1672 0.6221 -0.921 0.307 -0.244
20.2688 -2.2103 8.2391 0.1128 0.7769 -0.803 0.559 0.205
24.1871 2.5977 10.6201 0.019 0.7168 -0.717 0.646 0.252
19.5702 -2.1631 5.3524 0.1564 0.7524 -0.906 0.425 -0.047
1.8657 0.7963 -21.0239 0.5542 0.0759 -0.213 -0.787 -0.583
2.9819 1.3612 -22.1978 0.6523 0.0086 0.024 -0.709 -0.709
3.8233 -0.2208 -20.3788 0.6724 0.184 -0.102 -0.866 -0.488
4.1964 -0.078 -20.7068 0.7036 0.1667 0.11 -0.835 -0.535
3.8233 -0.2208 -20.3788 0.6724 0.184 -0.102 -0.866 -0.488
2.9819 1.3612 -22.1978 0.6523 0.0086 0.024 -0.709 -0.709
2.9819 1.3612 -22.1978 0.6523 0.0086 0.024 -0.709 -0.709
6.1681 2.5518 -21.9807 0.8608 0.000999987 0.26 -0.567 -0.78
4.1964 -0.078 -20.7068 0.7036 0.1667 0.11 -0.835 -0.535
4.1964 -0.078 -20.7068 0.7036 0.1667 0.11 -0.835 -0.535
5.9354 0.262 -20.4056 0.814 0.1868 0.252 -0.622 -0.74
3.8233 -0.2208 -20.3788 0.6724 0.184 -0.102 -0.866 -0.488
6.5958 0.8014 -20.6036 0.8618 0.1591 0.252 -0.575 -0.78
4.1964 -0.078 -20.7068 0.7036 0.1667 0.11 -0.835 -0.535
6.1681 2.5518 -21.9807 0.8608 0.000999987 0.26 -0.567 -0.78
4.1964 -0.078 -20.7068 0.7036 0.1667 0.11 -0.835 -0.535
6.5958 0.8014 -20.6036 0.8618 0.1591 0.252 -0.575 -0.78
5.9354 0.262 -20.4056 0.814 0.1868 0.252 -0.622 -0.74
-14.2187 0.4735 2.3061 0.5542 0.0759 -0.213 -0.669 -0.709
-13.4374 1.004 1.5644 0.6523 0.0086 0.024 -0.575 -0.819
-12.8484 -0.3053 2.6289 0.6724 0.184 -0.102 -0.764 -0.63
-12.5872 -0.1674 2.4198 0.7036 0.1667 0.11 -0.732 -0.669
-12.8484 -0.3053 2.6289 0.6724 0.184 -0.102 -0.764 -0.63
-13.4374 1.004 1.5644 0.6523 0.0086 0.024 -0.575 -0.819
-13.4374 1.004 1.5644 0.6523 0.0086 0.024 -0.575 -0.819
-11.207 1.799 1.857 0.8608 0.000999987 0.26 -0.425 -0.866
-12.5872 -0.1674 2.4198 0.7036 0.1667 0.11 -0.732 -0.669
-12.5872 -0.1674 2.4198 0.7036 0.1667 0.11 -0.732 -0.669
-11.3699 0.0309 2.6684 0.814 0.1868 0.252 -0.488 -0.835
-12.8484 -0.3053 2.6289 0.6724 0.184 -0.102 -0.764 -0.63
-10.9076 0.4266 2.5966 0.8618 0.1591 0.252 -0.433 -0.866
-12.5872 -0.1674 2.4198 0.7036 0.1667 0.11 -0.732 -0.669
-11.207 1.799 1.857 0.8608 0.000999987 0.26 -0.425 -0.866
-12.5872 -0.1674 2.4198 0.7036 0.1667 0.11 -0.732 -0.669
-10.9076 0.4266 2.5966 0.8618 0.1591 0.252 -0.433 -0.866
-11.3699 0.0309 2.6684 0.814 0.1868 0.252 -0.488 -0.835
31.6548 6.0963 1.3575 0.3464 0.8784 0.307 0.362 -0.882
26.4088 6.8603 -0.2586 0.395 0.957 0.173 0.409 -0.898
30.4125 7.307 1.4311 0.342 0.9072 0.323 0.386 -0.866
26.4088 6.8603 -0.2586 0.395 0.957 0.173 0.409 -0.898
31.6548 6.0963 1.3575 0.3464 0.8784 0.307 0.362 -0.882
29.8919 -0.6278 -2.055 0.4692 0.8369 0.291 0.346 -0.89
24.4356 2.394 -2.4796 0.4832 0.9404 0.205 0.386 -0.898
26.4088 6.8603 -0.2586 0.395 0.957 0.173 0.409 -0.898
29.8919 -0.6278 -2.055 0.4692 0.8369 0.291 0.346 -0.89
24.4356 2.394 -2.4796 0.4832 0.9404 0.205 0.386 -0.898
23.6966 5.1542 -1.0927 0.4463 0.9785 -0.031 0.472 -0.882
26.4088 6.8603 -0.2586 0.395 0.957 0.173 0.409 -0.898
25.0584 6.9817 -0.0158 0.4041 0.9785 -0.031 0.472 -0.882
26.4088 6.8603 -0.2586 0.395 0.957 0.173 0.409 -0.898
23.6966 5.1542 -1.0927 0.4463 0.9785 -0.031 0.472 -0.882
18.8284 3.8446 -9.4818 0.5039 0.9067 0.677 0.134 -0.724
17.4074 5.2616 -10.424 0.4954 0.8628 0.465 0.213 -0.858
20.9414 5.2655 -7.096 0.5664 0.9292 0.78 0.535 -0.323
18.0402 8.4832 -9.3773 0.5527 0.8496 0.606 0.512 -0.614
20.9414 5.2655 -7.096 0.5664 0.9292 0.78 0.535 -0.323
17.4074 5.2616 -10.424 0.4954 0.8628 0.465 0.213 -0.858
20.9414 5.2655 -7.096 0.5664 0.9292 0.78 0.535 -0.323
18.0402 8.4832 -9.3773 0.5527 0.8496 0.606 0.512 -0.614
21.9429 5.1939 0.3955 0.7012 0.9756 0.795 0.575 0.213
14.4451 11.97 -8.9731 0.5791 0.7734 0.402 0.748 -0.535
18.0402 8.4832 -9.3773 0.5527 0.8496 0.606 0.512 -0.614
17.4074 5.2616 -10.424 0.4954 0.8628 0.465 0.213 -0.858
14.4451 11.97 -8.9731 0.5791 0.7734 0.402 0.748 -0.535
17.4074 5.2616 -10.424 0.4954 0.8628 0.465 0.213 -0.858
5.9792 5.5319 -12.9199 0.4353 0.6641 0.213 0.291 -0.929
21.9429 5.1939 0.3955 0.7012 0.9756 0.795 0.575 0.213
18.0402 8.4832 -9.3773 0.5527 0.8496 0.606 0.512 -0.614
17.771 9.5871 3.1491 0.7646 0.8833 0.787 0.551 0.283
18.0402 8.4832 -9.3773 0.5527 0.8496 0.606 0.512 -0.614
14.4451 11.97 -8.9731 0.5791 0.7734 0.402 0.748 -0.535
17.771 9.5871 3.1491 0.7646 0.8833 0.787 0.551 0.283
21.9429 5.1939 0.3955 0.7012 0.9756 0.795 0.575 0.213
17.771 9.5871 3.1491 0.7646 0.8833 0.787 0.551 0.283
19.9027 3.1818 3.7781 0.7861 0.9941 0.732 0.283 0.614
7.9829 12.3628 -10.3796 0.5659 0.6636 0.173 0.811 -0.559
14.4451 11.97 -8.9731 0.5791 0.7734 0.402 0.748 -0.535
5.9792 5.5319 -12.9199 0.4353 0.6641 0.213 0.291 -0.929
19.9027 3.1818 3.7781 0.7861 0.9941 0.732 0.283 0.614
17.771 9.5871 3.1491 0.7646 0.8833 0.787 0.551 0.283
15.811 7.9399 6.6719 0.8389 0.8892 0.724 0.26 0.638
12.3774 4.6273 11.2914 0.9497 0.9053 0.709 0.213 0.677
19.9027 3.1818 3.7781 0.7861 0.9941 0.732 0.283 0.614
15.811 7.9399 6.6719 0.8389 0.8892 0.724 0.26 0.638
12.3774 4.6273 11.2914 0.9497 0.9053 0.709 0.213 0.677
15.811 7.9399 6.6719 0.8389 0.8892 0.724 0.26 0.638
11.1748 9 11.1211 0.9365 0.8276 0.575 0.465 0.677
17.771 9.5871 3.1491 0.7646 0.8833 0.787 0.551 0.283
15.5381 12.0534 5.1141 0.8037 0.8369 0.677 0.622 0.386
15.811 7.9399 6.6719 0.8389 0.8892 0.724 0.26 0.638
15.811 7.9399 6.6719 0.8389 0.8892 0.724 0.26 0.638
15.5381 12.0534 5.1141 0.8037 0.8369 0.677 0.622 0.386
11.1748 9 11.1211 0.9365 0.8276 0.575 0.465 0.677
17.771 9.5871 3.1491 0.7646 0.8833 0.787 0.551 0.283
14.4451 11.97 -8.9731 0.5791 0.7734 0.402 0.748 -0.535
15.5381 12.0534 5.1141 0.8037 0.8369 0.677 0.622 0.386
12.6485 14.4632 4.4491 0.8042 0.7783 0.409 0.89 0.205
14.4451 11.97 -8.9731 0.5791 0.7734 0.402 0.748 -0.535
7.9829 12.3628 -10.3796 0.5659 0.6636 0.173 0.811 -0.559
15.5381 12.0534 5.1141 0.8037 0.8369 0.677 0.622 0.386
14.4451 11.97 -8.9731 0.5791 0.7734 0.402 0.748 -0.535
12.6485 14.4632 4.4491 0.8042 0.7783 0.409 0.89 0.205
15.5381 12.0534 5.1141 0.8037 0.8369 0.677 0.622 0.386
12.6485 14.4632 4.4491 0.8042 0.7783 0.409 0.89 0.205
11.1748 9 11.1211 0.9365 0.8276 0.575 0.465 0.677
6.3012 12.6588 -9.9246 0.5786 0.6548 0.126 0.976 -0.181
12.6485 14.4632 4.4491 0.8042 0.7783 0.409 0.89 0.205
7.9829 12.3628 -10.3796 0.5659 0.6636 0.173 0.811 -0.559
-3.4279 15.9194 -0.733 0.7759 0.4971 -0.244 0.969 0.024
12.6485 14.4632 4.4491 0.8042 0.7783 0.409 0.89 0.205
6.3012 12.6588 -9.9246 0.5786 0.6548 0.126 0.976 -0.181
12.6485 14.4632 4.4491 0.8042 0.7783 0.409 0.89 0.205
1.5623 16.9568 8.3683 0.9097 0.6128 -0.079 0.921 0.386
11.1748 9 11.1211 0.9365 0.8276 0.575 0.465 0.677
-3.4279 15.9194 -0.733 0.7759 0.4971 -0.244 0.969 0.024
1.5623 16.9568 8.3683 0.9097 0.6128 -0.079 0.921 0.386
12.6485 14.4632 4.4491 0.8042 0.7783 0.409 0.89 0.205
1.5623 16.9568 8.3683 0.9097 0.6128 -0.079 0.921 0.386
1.786 14.973 9.9863 0.9468 0.6255 -0.063 0.669 0.74
11.1748 9 11.1211 0.9365 0.8276 0.575 0.465 0.677
-3.5698 13.0904 8.2393 0.9409 0.5132 -0.535 0.724 0.441
1.5623 16.9568 8.3683 0.9097 0.6128 -0.079 0.921 0.386
-3.4279 15.9194 -0.733 0.7759 0.4971 -0.244 0.969 0.024
1.786 14.973 9.9863 0.9468 0.6255 -0.063 0.669 0.74
1.5623 16.9568 8.3683 0.9097 0.6128 -0.079 0.921 0.386
-3.5698 13.0904 8.2393 0.9409 0.5132 -0.535 0.724 0.441
-3.4279 15.9194 -0.733 0.7759 0.4971 -0.244 0.969 0.024
-6.6308 13.0607 0.2041 0.8154 0.4312 -0.598 0.772 0.236
-3.5698 13.0904 8.2393 0.9409 0.5132 -0.535 0.724 0.441
12.5725 -0.9987 -19.5381 0.5977 0.9434 -0.606 -0.252 -0.756
12.4035 0.4604 -19.905 0.5923 0.9683 -0.606 -0.252 -0.756
17.0058 0.7385 -23.6559 0.4934 0.958 -0.606 -0.252 -0.756
18.1564 3.323 -22.5001 0.2813 0.5112 -0.024 0.409 -0.913
19.7774 3.5607 -22.45 0.3098 0.5117 0.157 0.52 -0.835
17.0058 0.7385 -23.6559 0.2539 0.5557 0.031 0.252 -0.969
17.0058 0.7385 -23.6559 0.2539 0.5557 0.031 0.252 -0.969
20.8272 0.1955 -23.5024 0.3188 0.5757 0.323 0.087 -0.945
17.6771 -0.6105 -23.7726 0.2622 0.5806 0.063 0.15 -0.984
21.5164 2.1531 -23.1157 0.3315 0.5435 0.417 0.331 -0.843
17.0058 0.7385 -23.6559 0.2539 0.5557 0.031 0.252 -0.969
19.7774 3.5607 -22.45 0.3098 0.5117 0.157 0.52 -0.835
20.8272 0.1955 -23.5024 0.3188 0.5757 0.323 0.087 -0.945
17.0058 0.7385 -23.6559 0.2539 0.5557 0.031 0.252 -0.969
21.5164 2.1531 -23.1157 0.3315 0.5435 0.417 0.331 -0.843
19.7774 3.5607 -22.45 0.3098 0.5117 0.157 0.52 -0.835
24.2634 5.2458 -18.0546 0.4124 0.4709 0.433 0.646 -0.63
21.5164 2.1531 -23.1157 0.3315 0.5435 0.417 0.331 -0.843
24.2634 5.2458 -18.0546 0.4124 0.4709 0.433 0.646 -0.63
27.4513 3.4262 -17.294 0.4661 0.5039 0.622 0.268 -0.74
21.5164 2.1531 -23.1157 0.3315 0.5435 0.417 0.331 -0.843
27.4513 3.4262 -17.294 0.4661 0.5039 0.622 0.268 -0.74
27.6756 1.7114 -17.4474 0.47 0.5332 0.677 -0.024 -0.732
21.5164 2.1531 -23.1157 0.3315 0.5435 0.417 0.331 -0.843
20.8272 0.1955 -23.5024 0.3188 0.5757 0.323 0.087 -0.945
21.5164 2.1531 -23.1157 0.3315 0.5435 0.417 0.331 -0.843
27.6756 1.7114 -17.4474 0.47 0.5332 0.677 -0.024 -0.732
20.8272 0.1955 -23.5024 0.3188 0.5757 0.323 0.087 -0.945
27.6756 1.7114 -17.4474 0.47 0.5332 0.677 -0.024 -0.732
25.7113 -1.4194 -18.7657 0.436 0.5903 0.669 -0.11 -0.732
16.0819 2.5163 17.9674 0.0057 0.2639 0.835 0.417 -0.37
14.9043 3.5805 16.5144 0.0478 0.217 0.567 0.52 -0.638
16.5007 4.6993 21.394 0.0539 0.3721 0.772 0.638 -0.008
14.9043 3.5805 16.5144 0.0478 0.217 0.567 0.52 -0.638
14.0535 6.1459 17.9232 0.1119 0.2646 0.378 0.787 -0.488
16.5007 4.6993 21.394 0.0539 0.3721 0.772 0.638 -0.008
14.0535 6.1459 17.9232 0.1119 0.2646 0.378 0.787 -0.488
14.9043 3.5805 16.5144 0.0478 0.217 0.567 0.52 -0.638
8.6881 2.1533 14.0727 0.1841 0.0631 0.181 0.52 -0.835
15.3073 6.3822 20.6664 0.1027 0.3435 0.543 0.835 -0.087
16.5007 4.6993 21.394 0.0539 0.3721 0.772 0.638 -0.008
14.0535 6.1459 17.9232 0.1119 0.2646 0.378 0.787 -0.488
16.5007 4.6993 21.394 0.0539 0.3721 0.772 0.638 -0.008
15.3073 6.3822 20.6664 0.1027 0.3435 0.543 0.835 -0.087
12.5811 4.6185 28.4994 0.2161 0.5488 0.583 0.724 0.37
7.4466 5.7423 16.0246 0.2625 0.1545 -0.071 0.803 -0.591
14.0535 6.1459 17.9232 0.1119 0.2646 0.378 0.787 -0.488
8.6881 2.1533 14.0727 0.1841 0.0631 0.181 0.52 -0.835
8.6881 2.1533 14.0727 0.1841 0.0631 0.181 0.52 -0.835
7.5611 1.9489 13.9862 0.2251 0.0422 -0.031 0.465 -0.882
7.4466 5.7423 16.0246 0.2625 0.1545 -0.071 0.803 -0.591
15.3073 6.3822 20.6664 0.1027 0.3435 0.543 0.835 -0.087
14.0535 6.1459 17.9232 0.1119 0.2646 0.378 0.787 -0.488
10.0643 7.4205 26.4263 0.2893 0.4556 0.087 0.969 0.22
10.0643 7.4205 26.4263 0.2893 0.4556 0.087 0.969 0.22
12.5811 4.6185 28.4994 0.2161 0.5488 0.583 0.724 0.37
15.3073 6.3822 20.6664 0.1027 0.3435 0.543 0.835 -0.087
7.4466 5.7423 16.0246 0.2625 0.1545 -0.071 0.803 -0.591
10.0643 7.4205 26.4263 0.2893 0.4556 0.087 0.969 0.22
14.0535 6.1459 17.9232 0.1119 0.2646 0.378 0.787 -0.488
10.0643 7.4205 26.4263 0.2893 0.4556 0.087 0.969 0.22
10.1186 6.6955 27.7653 0.301 0.4941 0.157 0.906 0.394
12.5811 4.6185 28.4994 0.2161 0.5488 0.583 0.724 0.37
10.0643 7.4205 26.4263 0.2893 0.4556 0.087 0.969 0.22
5.1004 5.0543 27.9159 0.4482 0.4385 -0.472 0.764 0.441
10.1186 6.6955 27.7653 0.301 0.4941 0.157 0.906 0.394
-0.9109 2.0198 24.005 0.5918 0.2654 -0.772 0.591 0.228
3.6846 1.8776 28.513 0.5488 0.446 -0.638 0.504 0.591
5.1004 5.0543 27.9159 0.4482 0.4385 -0.472 0.764 0.441
5.1004 5.0543 27.9159 0.4482 0.4385 -0.472 0.764 0.441
10.0643 7.4205 26.4263 0.2893 0.4556 0.087 0.969 0.22
1.302 4.9643 23.3168 0.4905 0.2776 -0.583 0.787 0.181
-0.9109 2.0198 24.005 0.5918 0.2654 -0.772 0.591 0.228
5.1004 5.0543 27.9159 0.4482 0.4385 -0.472 0.764 0.441
1.302 4.9643 23.3168 0.4905 0.2776 -0.583 0.787 0.181
7.4466 5.7423 16.0246 0.2625 0.1545 -0.071 0.803 -0.591
1.302 4.9643 23.3168 0.4905 0.2776 -0.583 0.787 0.181
10.0643 7.4205 26.4263 0.2893 0.4556 0.087 0.969 0.22
-0.9109 2.0198 24.005 0.5918 0.2654 -0.772 0.591 0.228
1.302 4.9643 23.3168 0.4905 0.2776 -0.583 0.787 0.181
-1.9287 0.6341 21.9754 0.6152 0.1842 -0.787 0.614 -0.079
7.4466 5.7423 16.0246 0.2625 0.1545 -0.071 0.803 -0.591
2.2397 4.9708 16.596 0.3977 0.1197 -0.441 0.756 -0.488
1.302 4.9643 23.3168 0.4905 0.2776 -0.583 0.787 0.181
1.302 4.9643 23.3168 0.4905 0.2776 -0.583 0.787 0.181
2.2397 4.9708 16.596 0.3977 0.1197 -0.441 0.756 -0.488
-1.9287 0.6341 21.9754 0.6152 0.1842 -0.787 0.614 -0.079
7.4466 5.7423 16.0246 0.2625 0.1545 -0.071 0.803 -0.591
7.5611 1.9489 13.9862 0.2251 0.0422 -0.031 0.465 -0.882
2.2397 4.9708 16.596 0.3977 0.1197 -0.441 0.756 -0.488
-1.3285 0.6867 17.4805 0.5415 0.0599 -0.78 0.614 -0.118
-1.9287 0.6341 21.9754 0.6152 0.1842 -0.787 0.614 -0.079
2.2397 4.9708 16.596 0.3977 0.1197 -0.441 0.756 -0.488
0.7648 1.0244 15.4837 0.4343 0.00510001 -0.236 0.378 -0.898
2.2397 4.9708 16.596 0.3977 0.1197 -0.441 0.756 -0.488
7.5611 1.9489 13.9862 0.2251 0.0422 -0.031 0.465 -0.882
-0.2115 1.7291 16.0491 0.4746 0.0384 -0.63 0.567 -0.528
-1.3285 0.6867 17.4805 0.5415 0.0599 -0.78 0.614 -0.118
2.2397 4.9708 16.596 0.3977 0.1197 -0.441 0.756 -0.488
-0.2115 1.7291 16.0491 0.4746 0.0384 -0.63 0.567 -0.528
2.2397 4.9708 16.596 0.3977 0.1197 -0.441 0.756 -0.488
0.7648 1.0244 15.4837 0.4343 0.00510001 -0.236 0.378 -0.898
13.9357 -1.6229 26.6817 0.9409 0.5132 0.646 -0.63 0.441
13.0329 -0.7602 28.3503 0.998 0.5376 0.528 -0.543 0.654
10.9413 -3.2466 27.7299 0.9468 0.6255 0.173 -0.646 0.74
10.9413 -3.2466 27.7299 0.9468 0.6255 0.173 -0.646 0.74
11.2621 -4.4007 26.7591 0.9097 0.6128 0.228 -0.898 0.386
13.9357 -1.6229 26.6817 0.9409 0.5132 0.646 -0.63 0.441
11.2621 -4.4007 26.7591 0.9097 0.6128 0.228 -0.898 0.386
10.9413 -3.2466 27.7299 0.9468 0.6255 0.173 -0.646 0.74
4.8121 -0.5989 28.4108 0.9365 0.8276 -0.488 -0.551 0.677
14.1201 -3.3124 21.2983 0.7759 0.4971 0.394 -0.921 0.024
15.7463 -1.3149 21.8606 0.8154 0.4312 0.709 -0.661 0.236
13.9357 -1.6229 26.6817 0.9409 0.5132 0.646 -0.63 0.441
11.2621 -4.4007 26.7591 0.9097 0.6128 0.228 -0.898 0.386
14.1201 -3.3124 21.2983 0.7759 0.4971 0.394 -0.921 0.024
13.9357 -1.6229 26.6817 0.9409 0.5132 0.646 -0.63 0.441
11.2621 -4.4007 26.7591 0.9097 0.6128 0.228 -0.898 0.386
4.4575 -3.9754 24.4076 0.8042 0.7783 -0.26 -0.945 0.205
14.1201 -3.3124 21.2983 0.7759 0.4971 0.394 -0.921 0.024
4.8121 -0.5989 28.4108 0.9365 0.8276 -0.488 -0.551 0.677
4.4575 -3.9754 24.4076 0.8042 0.7783 -0.26 -0.945 0.205
11.2621 -4.4007 26.7591 0.9097 0.6128 0.228 -0.898 0.386
8.0467 -2.304 15.7833 0.5786 0.6548 0.031 -0.984 -0.181
14.1201 -3.3124 21.2983 0.7759 0.4971 0.394 -0.921 0.024
4.4575 -3.9754 24.4076 0.8042 0.7783 -0.26 -0.945 0.205
7.0223 -2.2883 15.5104 0.5659 0.6636 -0.039 -0.827 -0.559
8.0467 -2.304 15.7833 0.5786 0.6548 0.031 -0.984 -0.181
4.4575 -3.9754 24.4076 0.8042 0.7783 -0.26 -0.945 0.205
4.4575 -3.9754 24.4076 0.8042 0.7783 -0.26 -0.945 0.205
4.8121 -0.5989 28.4108 0.9365 0.8276 -0.488 -0.551 0.677
2.5168 -2.822 24.8066 0.8037 0.8369 -0.575 -0.724 0.386
3.1565 -2.6688 16.3543 0.5791 0.7734 -0.276 -0.795 -0.535
7.0223 -2.2883 15.5104 0.5659 0.6636 -0.039 -0.827 -0.559
4.4575 -3.9754 24.4076 0.8042 0.7783 -0.26 -0.945 0.205
2.5168 -2.822 24.8066 0.8037 0.8369 -0.575 -0.724 0.386
3.1565 -2.6688 16.3543 0.5791 0.7734 -0.276 -0.795 -0.535
4.4575 -3.9754 24.4076 0.8042 0.7783 -0.26 -0.945 0.205
7.0223 -2.2883 15.5104 0.5659 0.6636 -0.039 -0.827 -0.559
3.1565 -2.6688 16.3543 0.5791 0.7734 -0.276 -0.795 -0.535
7.5611 1.9489 13.9862 0.4353 0.6641 -0.165 -0.323 -0.929
0.7648 1.0244 15.4837 0.4954 0.8628 -0.425 -0.283 -0.858
7.5611 1.9489 13.9862 0.4353 0.6641 -0.165 -0.323 -0.929
3.1565 -2.6688 16.3543 0.5791 0.7734 -0.276 -0.795 -0.535
1.9647 -0.4108 25.7412 0.8389 0.8892 -0.677 -0.37 0.638
2.5168 -2.822 24.8066 0.8037 0.8369 -0.575 -0.724 0.386
4.8121 -0.5989 28.4108 0.9365 0.8276 -0.488 -0.551 0.677
4.8121 -0.5989 28.4108 0.9365 0.8276 -0.488 -0.551 0.677
3.6846 1.8776 28.513 0.9497 0.9053 -0.669 -0.315 0.677
1.9647 -0.4108 25.7412 0.8389 0.8892 -0.677 -0.37 0.638
1.9647 -0.4108 25.7412 0.8389 0.8892 -0.677 -0.37 0.638
3.6846 1.8776 28.513 0.9497 0.9053 -0.669 -0.315 0.677
-0.9109 2.0198 24.005 0.7861 0.9941 -0.685 -0.394 0.614
1.9647 -0.4108 25.7412 0.8389 0.8892 -0.677 -0.37 0.638
0.9599 -1.5727 23.6276 0.7646 0.8833 -0.693 -0.661 0.283
2.5168 -2.822 24.8066 0.8037 0.8369 -0.575 -0.724 0.386
1.9647 -0.4108 25.7412 0.8389 0.8892 -0.677 -0.37 0.638
-0.9109 2.0198 24.005 0.7861 0.9941 -0.685 -0.394 0.614
0.9599 -1.5727 23.6276 0.7646 0.8833 -0.693 -0.661 0.283
2.5168 -2.822 24.8066 0.8037 0.8369 -0.575 -0.724 0.386
0.9599 -1.5727 23.6276 0.7646 0.8833 -0.693 -0.661 0.283
3.1565 -2.6688 16.3543 0.5791 0.7734 -0.276 -0.795 -0.535
-0.9109 2.0198 24.005 0.7861 0.9941 -0.685 -0.394 0.614
-1.9287 0.6341 21.9754 0.7012 0.9756 -0.693 -0.693 0.213
0.9599 -1.5727 23.6276 0.7646 0.8833 -0.693 -0.661 0.283
-1.9287 0.6341 21.9754 0.7012 0.9756 -0.693 -0.693 0.213
-1.3285 0.6867 17.4805 0.5664 0.9292 -0.685 -0.654 -0.323
0.9599 -1.5727 23.6276 0.7646 0.8833 -0.693 -0.661 0.283
-0.2115 1.7291 16.0491 0.5039 0.9067 -0.654 -0.236 -0.724
0.7648 1.0244 15.4837 0.4954 0.8628 -0.425 -0.283 -0.858
-1.3285 0.6867 17.4805 0.5664 0.9292 -0.685 -0.654 -0.323
3.1565 -2.6688 16.3543 0.5791 0.7734 -0.276 -0.795 -0.535
0.9599 -1.5727 23.6276 0.7646 0.8833 -0.693 -0.661 0.283
0.6957 -0.9442 16.1118 0.5527 0.8496 -0.512 -0.598 -0.614
0.6957 -0.9442 16.1118 0.5527 0.8496 -0.512 -0.598 -0.614
0.9599 -1.5727 23.6276 0.7646 0.8833 -0.693 -0.661 0.283
-1.3285 0.6867 17.4805 0.5664 0.9292 -0.685 -0.654 -0.323
3.1565 -2.6688 16.3543 0.5791 0.7734 -0.276 -0.795 -0.535
0.6957 -0.9442 16.1118 0.5527 0.8496 -0.512 -0.598 -0.614
0.7648 1.0244 15.4837 0.4954 0.8628 -0.425 -0.283 -0.858
0.6957 -0.9442 16.1118 0.5527 0.8496 -0.512 -0.598 -0.614
-1.3285 0.6867 17.4805 0.5664 0.9292 -0.685 -0.654 -0.323
0.7648 1.0244 15.4837 0.4954 0.8628 -0.425 -0.283 -0.858
-12.8047 7.2983 -8.5261 0.2813 0.5112 0.315 0.913 -0.244
-12.4841 6.7508 -10.2138 0.3098 0.5117 0.441 0.803 -0.402
-15.7984 8.5794 -7.6913 0.2539 0.5557 0.157 0.937 -0.315
-17.2642 8.3294 -8.4347 0.2622 0.5806 0.055 0.937 -0.346
-15.7984 8.5794 -7.6913 0.2539 0.5557 0.157 0.937 -0.315
-16.2457 7.1244 -11.6584 0.3188 0.5757 0.008 0.811 -0.591
-14.0382 6.7237 -12.2575 0.3315 0.5435 0.26 0.717 -0.646
-15.7984 8.5794 -7.6913 0.2539 0.5557 0.157 0.937 -0.315
-12.4841 6.7508 -10.2138 0.3098 0.5117 0.441 0.803 -0.402
-14.0382 6.7237 -12.2575 0.3315 0.5435 0.26 0.717 -0.646
-16.2457 7.1244 -11.6584 0.3188 0.5757 0.008 0.811 -0.591
-15.7984 8.5794 -7.6913 0.2539 0.5557 0.157 0.937 -0.315
-12.4841 6.7508 -10.2138 0.3098 0.5117 0.441 0.803 -0.402
-10.0039 0.9042 -13.5045 0.4124 0.4709 0.591 0.535 -0.598
-14.0382 6.7237 -12.2575 0.3315 0.5435 0.26 0.717 -0.646
-10.0039 0.9042 -13.5045 0.4124 0.4709 0.591 0.535 -0.598
-11.8022 -1.1285 -16.6088 0.4661 0.5039 0.213 0.543 -0.811
-14.0382 6.7237 -12.2575 0.3315 0.5435 0.26 0.717 -0.646
-11.8022 -1.1285 -16.6088 0.4661 0.5039 0.213 0.543 -0.811
-13.6874 -1.2382 -16.8944 0.47 0.5332 -0.071 0.496 -0.866
-14.0382 6.7237 -12.2575 0.3315 0.5435 0.26 0.717 -0.646
-16.2457 7.1244 -11.6584 0.3188 0.5757 0.008 0.811 -0.591
-14.0382 6.7237 -12.2575 0.3315 0.5435 0.26 0.717 -0.646
-13.6874 -1.2382 -16.8944 0.47 0.5332 -0.071 0.496 -0.866
-16.2457 7.1244 -11.6584 0.3188 0.5757 0.008 0.811 -0.591
-13.6874 -1.2382 -16.8944 0.47 0.5332 -0.071 0.496 -0.866
-17.3243 0.4121 -15.2569 0.436 0.5903 -0.165 0.488 -0.858
27.4135 0.3472 9.2612 0.2813 0.5112 0.488 -0.024 0.874
28.4914 1.4449 8.6956 0.3098 0.5117 0.669 0.039 0.74
24.8923 1.2651 10.7241 0.2539 0.5557 0.402 0.126 0.906
24.1871 2.5977 10.6201 0.2622 0.5806 0.339 0.213 0.913
24.8923 1.2651 10.7241 0.2539 0.5557 0.402 0.126 0.906
26.5294 4.4858 9.3573 0.3188 0.5757 0.425 0.441 0.787
28.4295 3.7771 8.7706 0.3315 0.5435 0.654 0.346 0.669
24.8923 1.2651 10.7241 0.2539 0.5557 0.402 0.126 0.906
28.4914 1.4449 8.6956 0.3098 0.5117 0.669 0.039 0.74
26.5294 4.4858 9.3573 0.3188 0.5757 0.425 0.441 0.787
24.8923 1.2651 10.7241 0.2539 0.5557 0.402 0.126 0.906
28.4295 3.7771 8.7706 0.3315 0.5435 0.654 0.346 0.669
28.4914 1.4449 8.6956 0.3098 0.5117 0.669 0.039 0.74
31.518 2.7786 3.0971 0.4124 0.4709 0.882 0.126 0.457
28.4295 3.7771 8.7706 0.3315 0.5435 0.654 0.346 0.669
31.518 2.7786 3.0971 0.4124 0.4709 0.882 0.126 0.457
31.6548 6.0963 1.3575 0.4661 0.5039 0.693 0.52 0.496
28.4295 3.7771 8.7706 0.3315 0.5435 0.654 0.346 0.669
31.6548 6.0963 1.3575 0.4661 0.5039 0.693 0.52 0.496
30.4125 7.307 1.4311 0.47 0.5332 0.496 0.724 0.48
28.4295 3.7771 8.7706 0.3315 0.5435 0.654 0.346 0.669
26.5294 4.4858 9.3573 0.3188 0.5757 0.425 0.441 0.787
28.4295 3.7771 8.7706 0.3315 0.5435 0.654 0.346 0.669
30.4125 7.307 1.4311 0.47 0.5332 0.496 0.724 0.48
26.5294 4.4858 9.3573 0.3188 0.5757 0.425 0.441 0.787
30.4125 7.307 1.4311 0.47 0.5332 0.496 0.724 0.48
27.0285 7.958 3.308 0.436 0.5903 0.417 0.772 0.48
1.8657 0.7963 -21.0239 0.0057 0.2639 -0.622 -0.291 -0.732
1.2854 1.4481 -20.7889 0.0478 0.217 -0.85 -0.039 -0.528
2.9819 1.3612 -22.1978 0.0539 0.3721 -0.323 -0.087 -0.945
2.9819 1.3612 -22.1978 0.0539 0.3721 -0.323 -0.087 -0.945
1.2854 1.4481 -20.7889 0.0478 0.217 -0.85 -0.039 -0.528
2.6317 2.2102 -22.2245 0.1027 0.3435 -0.386 0.213 -0.898
2.9819 1.3612 -22.1978 0.0539 0.3721 -0.323 -0.087 -0.945
2.6317 2.2102 -22.2245 0.1027 0.3435 -0.386 0.213 -0.898
6.1681 2.5518 -21.9807 0.2161 0.5488 0.063 0.126 -0.992
1.6707 2.4815 -21.4386 0.1119 0.2646 -0.724 0.291 -0.622
2.6317 2.2102 -22.2245 0.1027 0.3435 -0.386 0.213 -0.898
1.2854 1.4481 -20.7889 0.0478 0.217 -0.85 -0.039 -0.528
1.6707 2.4815 -21.4386 0.1119 0.2646 -0.724 0.291 -0.622
1.2854 1.4481 -20.7889 0.0478 0.217 -0.85 -0.039 -0.528
0.9972 2.8194 -18.2862 0.1841 0.0631 -0.953 0.228 -0.205
5.2879 4.1128 -21.7598 0.2893 0.4556 -0.039 0.638 -0.764
6.1681 2.5518 -21.9807 0.2161 0.5488 0.063 0.126 -0.992
2.6317 2.2102 -22.2245 0.1027 0.3435 -0.386 0.213 -0.898
5.2879 4.1128 -21.7598 0.2893 0.4556 -0.039 0.638 -0.764
5.8882 3.8913 -21.7507 0.301 0.4941 0.126 0.551 -0.827
6.1681 2.5518 -21.9807 0.2161 0.5488 0.063 0.126 -0.992
5.8882 3.8913 -21.7507 0.301 0.4941 0.126 0.551 -0.827
5.2879 4.1128 -21.7598 0.2893 0.4556 -0.039 0.638 -0.764
6.5498 4.871 -19.8735 0.4482 0.4385 0.331 0.89 -0.323
1.6707 2.4815 -21.4386 0.1119 0.2646 -0.724 0.291 -0.622
1.5333 4.2802 -19.1779 0.2625 0.1545 -0.732 0.614 -0.299
2.6317 2.2102 -22.2245 0.1027 0.3435 -0.386 0.213 -0.898
1.6707 2.4815 -21.4386 0.1119 0.2646 -0.724 0.291 -0.622
0.9972 2.8194 -18.2862 0.1841 0.0631 -0.953 0.228 -0.205
1.5333 4.2802 -19.1779 0.2625 0.1545 -0.732 0.614 -0.299
5.2879 4.1128 -21.7598 0.2893 0.4556 -0.039 0.638 -0.764
2.6317 2.2102 -22.2245 0.1027 0.3435 -0.386 0.213 -0.898
1.5333 4.2802 -19.1779 0.2625 0.1545 -0.732 0.614 -0.299
1.0817 3.0877 -17.8943 0.2251 0.0422 -0.945 0.331 -0.008
1.5333 4.2802 -19.1779 0.2625 0.1545 -0.732 0.614 -0.299
0.9972 2.8194 -18.2862 0.1841 0.0631 -0.953 0.228 -0.205
6.5498 4.871 -19.8735 0.4482 0.4385 0.331 0.89 -0.323
5.2879 4.1128 -21.7598 0.2893 0.4556 -0.039 0.638 -0.764
5.0578 5.9154 -18.1527 0.4905 0.2776 0.11 0.976 -0.173
1.5333 4.2802 -19.1779 0.2625 0.1545 -0.732 0.614 -0.299
5.0578 5.9154 -18.1527 0.4905 0.2776 0.11 0.976 -0.173
5.2879 4.1128 -21.7598 0.2893 0.4556 -0.039 0.638 -0.764
6.5498 4.871 -19.8735 0.4482 0.4385 0.331 0.89 -0.323
5.0578 5.9154 -18.1527 0.4905 0.2776 0.11 0.976 -0.173
7.2234 4.337 -18.6661 0.5488 0.446 0.575 0.811 -0.079
5.815 5.6857 -16.7924 0.5918 0.2654 0.244 0.969 0.071
7.2234 4.337 -18.6661 0.5488 0.446 0.575 0.811 -0.079
5.0578 5.9154 -18.1527 0.4905 0.2776 0.11 0.976 -0.173
5.815 5.6857 -16.7924 0.5918 0.2654 0.244 0.969 0.071
5.0578 5.9154 -18.1527 0.4905 0.2776 0.11 0.976 -0.173
5.2306 5.549 -15.8501 0.6152 0.1842 -0.055 0.984 0.157
5.2306 5.549 -15.8501 0.6152 0.1842 -0.055 0.984 0.157
5.0578 5.9154 -18.1527 0.4905 0.2776 0.11 0.976 -0.173
3.3799 5.3474 -15.4474 0.5415 0.0599 -0.094 0.984 0.165
1.5333 4.2802 -19.1779 0.2625 0.1545 -0.732 0.614 -0.299
2.2941 5.5804 -17.5422 0.3977 0.1197 -0.551 0.835 -0.039
5.0578 5.9154 -18.1527 0.4905 0.2776 0.11 0.976 -0.173
2.2941 5.5804 -17.5422 0.3977 0.1197 -0.551 0.835 -0.039
3.3799 5.3474 -15.4474 0.5415 0.0599 -0.094 0.984 0.165
5.0578 5.9154 -18.1527 0.4905 0.2776 0.11 0.976 -0.173
1.0817 3.0877 -17.8943 0.2251 0.0422 -0.945 0.331 -0.008
2.2941 5.5804 -17.5422 0.3977 0.1197 -0.551 0.835 -0.039
1.5333 4.2802 -19.1779 0.2625 0.1545 -0.732 0.614 -0.299
2.6087 5.3199 -15.869 0.4746 0.0384 -0.496 0.835 0.22
3.3799 5.3474 -15.4474 0.5415 0.0599 -0.094 0.984 0.165
2.2941 5.5804 -17.5422 0.3977 0.1197 -0.551 0.835 -0.039
2.2941 5.5804 -17.5422 0.3977 0.1197 -0.551 0.835 -0.039
1.0817 3.0877 -17.8943 0.2251 0.0422 -0.945 0.331 -0.008
2.3665 4.8166 -15.8807 0.4343 0.00510001 -0.89 0.417 0.197
2.6087 5.3199 -15.869 0.4746 0.0384 -0.496 0.835 0.22
2.2941 5.5804 -17.5422 0.3977 0.1197 -0.551 0.835 -0.039
2.3665 4.8166 -15.8807 0.4343 0.00510001 -0.89 0.417 0.197
6.5958 0.8014 -20.6036 0.998 0.5376 0.638 -0.74 -0.205
6.7755 0.6618 -19.233 0.9468 0.6255 0.819 -0.567 0.079
5.9354 0.262 -20.4056 0.9409 0.5132 0.425 -0.89 -0.165
6.7755 0.6618 -19.233 0.9468 0.6255 0.819 -0.567 0.079
6.4732 0.2119 -18.8787 0.9097 0.6128 0.528 -0.787 0.315
5.9354 0.262 -20.4056 0.9409 0.5132 0.425 -0.89 -0.165
6.4732 0.2119 -18.8787 0.9097 0.6128 0.528 -0.787 0.315
6.7755 0.6618 -19.233 0.9468 0.6255 0.819 -0.567 0.079
7.3262 3.2611 -18.2921 0.9365 0.8276 0.874 -0.031 0.488
3.9375 -0.3495 -19.2849 0.7759 0.4971 0.15 -0.929 0.331
3.8233 -0.2208 -20.3788 0.8154 0.4312 0.228 -0.969 -0.126
5.9354 0.262 -20.4056 0.9409 0.5132 0.425 -0.89 -0.165
6.4732 0.2119 -18.8787 0.9097 0.6128 0.528 -0.787 0.315
3.9375 -0.3495 -19.2849 0.7759 0.4971 0.15 -0.929 0.331
5.9354 0.262 -20.4056 0.9409 0.5132 0.425 -0.89 -0.165
6.4732 0.2119 -18.8787 0.9097 0.6128 0.528 -0.787 0.315
6.0913 2.3134 -16.731 0.8042 0.7783 0.465 -0.488 0.74
3.9375 -0.3495 -19.2849 0.7759 0.4971 0.15 -0.929 0.331
7.3262 3.2611 -18.2921 0.9365 0.8276 0.874 -0.031 0.488
6.0913 2.3134 -16.731 0.8042 0.7783 0.465 -0.488 0.74
6.4732 0.2119 -18.8787 0.9097 0.6128 0.528 -0.787 0.315
2.1724 1.6837 -17.0936 0.5786 0.6548 0.055 -0.732 0.685
3.9375 -0.3495 -19.2849 0.7759 0.4971 0.15 -0.929 0.331
6.0913 2.3134 -16.731 0.8042 0.7783 0.465 -0.488 0.74
6.0913 2.3134 -16.731 0.8042 0.7783 0.465 -0.488 0.74
7.3262 3.2611 -18.2921 0.9365 0.8276 0.874 -0.031 0.488
6.3079 3.2328 -16.5442 0.8037 0.8369 0.654 -0.11 0.748
6.0913 2.3134 -16.731 0.8042 0.7783 0.465 -0.488 0.74
2.8654 3.0134 -15.6613 0.5791 0.7734 -0.26 -0.386 0.882
2.1724 1.6837 -17.0936 0.5786 0.6548 0.055 -0.732 0.685
6.3079 3.2328 -16.5442 0.8037 0.8369 0.654 -0.11 0.748
2.8654 3.0134 -15.6613 0.5791 0.7734 -0.26 -0.386 0.882
6.0913 2.3134 -16.731 0.8042 0.7783 0.465 -0.488 0.74
2.152 1.9863 -16.7675 0.5659 0.6636 -0.331 -0.575 0.748
2.1724 1.6837 -17.0936 0.5786 0.6548 0.055 -0.732 0.685
2.8654 3.0134 -15.6613 0.5791 0.7734 -0.26 -0.386 0.882
2.8654 3.0134 -15.6613 0.5791 0.7734 -0.26 -0.386 0.882
1.0817 3.0877 -17.8943 0.4353 0.6641 -0.78 -0.134 0.614
2.152 1.9863 -16.7675 0.5659 0.6636 -0.331 -0.575 0.748
2.8654 3.0134 -15.6613 0.5791 0.7734 -0.26 -0.386 0.882
2.3665 4.8166 -15.8807 0.4954 0.8628 -0.661 0.071 0.748
1.0817 3.0877 -17.8943 0.4353 0.6641 -0.78 -0.134 0.614
6.3079 3.2328 -16.5442 0.8037 0.8369 0.654 -0.11 0.748
7.3262 3.2611 -18.2921 0.9365 0.8276 0.874 -0.031 0.488
6.493 4.128 -17.175 0.8389 0.8892 0.835 0.22 0.504
6.493 4.128 -17.175 0.8389 0.8892 0.835 0.22 0.504
7.3262 3.2611 -18.2921 0.9365 0.8276 0.874 -0.031 0.488
7.2234 4.337 -18.6661 0.9497 0.9053 0.858 0.252 0.457
7.2234 4.337 -18.6661 0.9497 0.9053 0.858 0.252 0.457
5.815 5.6857 -16.7924 0.7861 0.9941 0.819 0.205 0.535
6.493 4.128 -17.175 0.8389 0.8892 0.835 0.22 0.504
6.3079 3.2328 -16.5442 0.8037 0.8369 0.654 -0.11 0.748
6.493 4.128 -17.175 0.8389 0.8892 0.835 0.22 0.504
5.852 4.054 -16.2873 0.7646 0.8833 0.575 0.016 0.819
5.852 4.054 -16.2873 0.7646 0.8833 0.575 0.016 0.819
6.493 4.128 -17.175 0.8389 0.8892 0.835 0.22 0.504
5.815 5.6857 -16.7924 0.7861 0.9941 0.819 0.205 0.535
5.852 4.054 -16.2873 0.7646 0.8833 0.575 0.016 0.819
2.8654 3.0134 -15.6613 0.5791 0.7734 -0.26 -0.386 0.882
6.3079 3.2328 -16.5442 0.8037 0.8369 0.654 -0.11 0.748
5.815 5.6857 -16.7924 0.7861 0.9941 0.819 0.205 0.535
5.2306 5.549 -15.8501 0.7012 0.9756 0.512 -0.008 0.858
5.852 4.054 -16.2873 0.7646 0.8833 0.575 0.016 0.819
5.2306 5.549 -15.8501 0.7012 0.9756 0.512 -0.008 0.858
3.3799 5.3474 -15.4474 0.5664 0.9292 -0.008 0 1
5.852 4.054 -16.2873 0.7646 0.8833 0.575 0.016 0.819
2.8654 3.0134 -15.6613 0.5791 0.7734 -0.26 -0.386 0.882
5.852 4.054 -16.2873 0.7646 0.8833 0.575 0.016 0.819
2.8159 4.251 -15.3988 0.5527 0.8496 -0.331 -0.087 0.937
2.8159 4.251 -15.3988 0.5527 0.8496 -0.331 -0.087 0.937
5.852 4.054 -16.2873 0.7646 0.8833 0.575 0.016 0.819
3.3799 5.3474 -15.4474 0.5664 0.9292 -0.008 0 1
2.8654 3.0134 -15.6613 0.5791 0.7734 -0.26 -0.386 0.882
2.8159 4.251 -15.3988 0.5527 0.8496 -0.331 -0.087 0.937
2.3665 4.8166 -15.8807 0.4954 0.8628 -0.661 0.071 0.748
2.6087 5.3199 -15.869 0.5039 0.9067 -0.496 0.268 0.827
2.8159 4.251 -15.3988 0.5527 0.8496 -0.331 -0.087 0.937
3.3799 5.3474 -15.4474 0.5664 0.9292 -0.008 0 1
2.6087 5.3199 -15.869 0.5039 0.9067 -0.496 0.268 0.827
2.3665 4.8166 -15.8807 0.4954 0.8628 -0.661 0.071 0.748
2.8159 4.251 -15.3988 0.5527 0.8496 -0.331 -0.087 0.937
-14.2187 0.4735 2.3061 0.0057 0.2639 -0.622 -0.157 -0.772
-14.6249 0.8948 2.5464 0.0478 0.217 -0.85 0.047 -0.528
-13.4374 1.004 1.5644 0.0539 0.3721 -0.323 0.079 -0.945
-13.4374 1.004 1.5644 0.0539 0.3721 -0.323 0.079 -0.945
-14.6249 0.8948 2.5464 0.0478 0.217 -0.85 0.047 -0.528
-13.6825 1.5927 1.6478 0.1027 0.3435 -0.386 0.362 -0.85
-13.4374 1.004 1.5644 0.0539 0.3721 -0.323 0.079 -0.945
-13.6825 1.5927 1.6478 0.1027 0.3435 -0.386 0.362 -0.85
-11.207 1.799 1.857 0.2161 0.5488 0.063 0.291 -0.953
-14.3552 1.6855 2.2224 0.1119 0.2646 -0.724 0.394 -0.567
-13.6825 1.5927 1.6478 0.1027 0.3435 -0.386 0.362 -0.85
-14.6249 0.8948 2.5464 0.0478 0.217 -0.85 0.047 -0.528
-14.3552 1.6855 2.2224 0.1119 0.2646 -0.724 0.394 -0.567
-14.6249 0.8948 2.5464 0.0478 0.217 -0.85 0.047 -0.528
-14.8266 1.5402 4.4369 0.1841 0.0631 -0.953 0.26 -0.157
-11.8232 2.8491 2.1967 0.2893 0.4556 -0.039 0.764 -0.646
-11.207 1.799 1.857 0.2161 0.5488 0.063 0.291 -0.953
-13.6825 1.5927 1.6478 0.1027 0.3435 -0.386 0.362 -0.85
-13.6825 1.5927 1.6478 0.1027 0.3435 -0.386 0.362 -0.85
-14.3552 1.6855 2.2224 0.1119 0.2646 -0.724 0.394 -0.567
-11.8232 2.8491 2.1967 0.2893 0.4556 -0.039 0.764 -0.646
-11.8232 2.8491 2.1967 0.2893 0.4556 -0.039 0.764 -0.646
-11.4029 2.6952 2.1764 0.301 0.4941 0.126 0.685 -0.724
-11.207 1.799 1.857 0.2161 0.5488 0.063 0.291 -0.953
-11.4029 2.6952 2.1764 0.301 0.4941 0.126 0.685 -0.724
-11.8232 2.8491 2.1967 0.2893 0.4556 -0.039 0.764 -0.646
-10.9398 3.1455 3.5886 0.4482 0.4385 0.331 0.929 -0.165
-14.4514 2.6545 3.9973 0.2625 0.1545 -0.732 0.654 -0.189
-14.3552 1.6855 2.2224 0.1119 0.2646 -0.724 0.394 -0.567
-14.8266 1.5402 4.4369 0.1841 0.0631 -0.953 0.26 -0.157
-14.4514 2.6545 3.9973 0.2625 0.1545 -0.732 0.654 -0.189
-11.8232 2.8491 2.1967 0.2893 0.4556 -0.039 0.764 -0.646
-14.3552 1.6855 2.2224 0.1119 0.2646 -0.724 0.394 -0.567
-14.7675 1.6781 4.7395 0.2251 0.0422 -0.945 0.331 0.047
-14.4514 2.6545 3.9973 0.2625 0.1545 -0.732 0.654 -0.189
-14.8266 1.5402 4.4369 0.1841 0.0631 -0.953 0.26 -0.157
-10.9398 3.1455 3.5886 0.4482 0.4385 0.331 0.929 -0.165
-11.8232 2.8491 2.1967 0.2893 0.4556 -0.039 0.764 -0.646
-11.9842 3.6592 4.9006 0.4905 0.2776 0.11 0.992 -0.008
-14.4514 2.6545 3.9973 0.2625 0.1545 -0.732 0.654 -0.189
-11.9842 3.6592 4.9006 0.4905 0.2776 0.11 0.992 -0.008
-11.8232 2.8491 2.1967 0.2893 0.4556 -0.039 0.764 -0.646
-10.9398 3.1455 3.5886 0.4482 0.4385 0.331 0.929 -0.165
-11.9842 3.6592 4.9006 0.4905 0.2776 0.11 0.992 -0.008
-10.4683 2.6323 4.3571 0.5488 0.446 0.575 0.819 0.063
-11.4542 3.3375 5.8112 0.5918 0.2654 0.244 0.945 0.236
-10.4683 2.6323 4.3571 0.5488 0.446 0.575 0.819 0.063
-11.9842 3.6592 4.9006 0.4905 0.2776 0.11 0.992 -0.008
-11.4542 3.3375 5.8112 0.5918 0.2654 0.244 0.945 0.236
-11.9842 3.6592 4.9006 0.4905 0.2776 0.11 0.992 -0.008
-11.8633 3.1301 6.4446 0.6152 0.1842 -0.055 0.945 0.323
-11.8633 3.1301 6.4446 0.6152 0.1842 -0.055 0.945 0.323
-11.9842 3.6592 4.9006 0.4905 0.2776 0.11 0.992 -0.008
-13.1588 2.9428 6.6981 0.5415 0.0599 -0.094 0.937 0.331
-14.4514 2.6545 3.9973 0.2625 0.1545 -0.732 0.654 -0.189
-13.9188 3.3549 5.2814 0.3977 0.1197 -0.551 0.827 0.102
-11.9842 3.6592 4.9006 0.4905 0.2776 0.11 0.992 -0.008
-13.9188 3.3549 5.2814 0.3977 0.1197 -0.551 0.827 0.102
-13.1588 2.9428 6.6981 0.5415 0.0599 -0.094 0.937 0.331
-11.9842 3.6592 4.9006 0.4905 0.2776 0.11 0.992 -0.008
-14.7675 1.6781 4.7395 0.2251 0.0422 -0.945 0.331 0.047
-13.9188 3.3549 5.2814 0.3977 0.1197 -0.551 0.827 0.102
-14.4514 2.6545 3.9973 0.2625 0.1545 -0.732 0.654 -0.189
-13.6986 2.9744 6.404 0.4746 0.0384 -0.496 0.787 0.362
-13.1588 2.9428 6.6981 0.5415 0.0599 -0.094 0.937 0.331
-13.9188 3.3549 5.2814 0.3977 0.1197 -0.551 0.827 0.102
-13.9188 3.3549 5.2814 0.3977 0.1197 -0.551 0.827 0.102
-14.7675 1.6781 4.7395 0.2251 0.0422 -0.945 0.331 0.047
-13.8681 2.6287 6.3356 0.4343 0.00510001 -0.89 0.378 0.268
-13.6986 2.9744 6.404 0.4746 0.0384 -0.496 0.787 0.362
-13.9188 3.3549 5.2814 0.3977 0.1197 -0.551 0.827 0.102
-13.8681 2.6287 6.3356 0.4343 0.00510001 -0.89 0.378 0.268
-10.9076 0.4266 2.5966 0.998 0.5376 0.638 -0.693 -0.331
-10.7818 0.1658 3.525 0.9468 0.6255 0.819 -0.575 -0.024
-11.3699 0.0309 2.6684 0.9409 0.5132 0.425 -0.85 -0.315
-10.7818 0.1658 3.525 0.9468 0.6255 0.819 -0.575 -0.024
-10.9935 -0.187 3.7153 0.9097 0.6128 0.528 -0.835 0.173
-11.3699 0.0309 2.6684 0.9409 0.5132 0.425 -0.85 -0.315
-10.9935 -0.187 3.7153 0.9097 0.6128 0.528 -0.835 0.173
-10.7818 0.1658 3.525 0.9468 0.6255 0.819 -0.575 -0.024
-10.3964 1.8455 4.4859 0.9365 0.8276 0.874 -0.118 0.472
-12.7685 -0.5254 3.3678 0.7759 0.4971 0.15 -0.976 0.165
-12.8484 -0.3053 2.6289 0.8154 0.4312 0.228 -0.929 -0.283
-11.3699 0.0309 2.6684 0.9409 0.5132 0.425 -0.85 -0.315
-10.9935 -0.187 3.7153 0.9097 0.6128 0.528 -0.835 0.173
-12.7685 -0.5254 3.3678 0.7759 0.4971 0.15 -0.976 0.165
-11.3699 0.0309 2.6684 0.9409 0.5132 0.425 -0.85 -0.315
-10.9935 -0.187 3.7153 0.9097 0.6128 0.528 -0.835 0.173
-11.2608 1.0045 5.4488 0.8042 0.7783 0.465 -0.606 0.646
-12.7685 -0.5254 3.3678 0.7759 0.4971 0.15 -0.976 0.165
-11.2608 1.0045 5.4488 0.8042 0.7783 0.465 -0.606 0.646
-10.9935 -0.187 3.7153 0.9097 0.6128 0.528 -0.835 0.173
-10.3964 1.8455 4.4859 0.9365 0.8276 0.874 -0.118 0.472
-14.004 0.6138 5.1231 0.5786 0.6548 0.055 -0.835 0.543
-12.7685 -0.5254 3.3678 0.7759 0.4971 0.15 -0.976 0.165
-11.2608 1.0045 5.4488 0.8042 0.7783 0.465 -0.606 0.646
-11.2608 1.0045 5.4488 0.8042 0.7783 0.465 -0.606 0.646
-10.3964 1.8455 4.4859 0.9365 0.8276 0.874 -0.118 0.472
-11.1092 1.6162 5.6879 0.8037 0.8369 0.654 -0.236 0.717
-11.2608 1.0045 5.4488 0.8042 0.7783 0.465 -0.606 0.646
-13.5189 1.3588 6.2704 0.5791 0.7734 -0.26 -0.535 0.803
-14.004 0.6138 5.1231 0.5786 0.6548 0.055 -0.835 0.543
-11.1092 1.6162 5.6879 0.8037 0.8369 0.654 -0.236 0.717
-13.5189 1.3588 6.2704 0.5791 0.7734 -0.26 -0.535 0.803
-11.2608 1.0045 5.4488 0.8042 0.7783 0.465 -0.606 0.646
-14.0183 0.7833 5.3843 0.5659 0.6636 -0.331 -0.693 0.638
-14.004 0.6138 5.1231 0.5786 0.6548 0.055 -0.835 0.543
-13.5189 1.3588 6.2704 0.5791 0.7734 -0.26 -0.535 0.803
-13.5189 1.3588 6.2704 0.5791 0.7734 -0.26 -0.535 0.803
-14.7675 1.6781 4.7395 0.4353 0.6641 -0.78 -0.236 0.583
-14.0183 0.7833 5.3843 0.5659 0.6636 -0.331 -0.693 0.638
-13.5189 1.3588 6.2704 0.5791 0.7734 -0.26 -0.535 0.803
-13.8681 2.6287 6.3356 0.4954 0.8628 -0.661 -0.055 0.748
-14.7675 1.6781 4.7395 0.4353 0.6641 -0.78 -0.236 0.583
-11.1092 1.6162 5.6879 0.8037 0.8369 0.654 -0.236 0.717
-10.3964 1.8455 4.4859 0.9365 0.8276 0.874 -0.118 0.472
-10.9796 2.3092 5.3604 0.8389 0.8892 0.835 0.134 0.535
-10.9796 2.3092 5.3604 0.8389 0.8892 0.835 0.134 0.535
-10.3964 1.8455 4.4859 0.9365 0.8276 0.874 -0.118 0.472
-10.4683 2.6323 4.3571 0.9497 0.9053 0.858 0.173 0.488
-10.9796 2.3092 5.3604 0.8389 0.8892 0.835 0.134 0.535
-10.4683 2.6323 4.3571 0.9497 0.9053 0.858 0.173 0.488
-11.4542 3.3375 5.8112 0.7861 0.9941 0.819 0.11 0.559
-10.9796 2.3092 5.3604 0.8389 0.8892 0.835 0.134 0.535
-11.4283 2.1516 5.9637 0.7646 0.8833 0.575 -0.126 0.811
-11.1092 1.6162 5.6879 0.8037 0.8369 0.654 -0.236 0.717
-11.4283 2.1516 5.9637 0.7646 0.8833 0.575 -0.126 0.811
-10.9796 2.3092 5.3604 0.8389 0.8892 0.835 0.134 0.535
-11.4542 3.3375 5.8112 0.7861 0.9941 0.819 0.11 0.559
-11.4283 2.1516 5.9637 0.7646 0.8833 0.575 -0.126 0.811
-13.5189 1.3588 6.2704 0.5791 0.7734 -0.26 -0.535 0.803
-11.1092 1.6162 5.6879 0.8037 0.8369 0.654 -0.236 0.717
-11.4542 3.3375 5.8112 0.7861 0.9941 0.819 0.11 0.559
-11.8633 3.1301 6.4446 0.7012 0.9756 0.512 -0.157 0.843
-11.4283 2.1516 5.9637 0.7646 0.8833 0.575 -0.126 0.811
-11.8633 3.1301 6.4446 0.7012 0.9756 0.512 -0.157 0.843
-13.1588 2.9428 6.6981 0.5664 0.9292 -0.008 -0.165 0.984
-11.4283 2.1516 5.9637 0.7646 0.8833 0.575 -0.126 0.811
-13.6986 2.9744 6.404 0.5039 0.9067 -0.496 0.126 0.858
-13.8681 2.6287 6.3356 0.4954 0.8628 -0.661 -0.055 0.748
-13.1588 2.9428 6.6981 0.5664 0.9292 -0.008 -0.165 0.984
-13.5189 1.3588 6.2704 0.5791 0.7734 -0.26 -0.535 0.803
-11.4283 2.1516 5.9637 0.7646 0.8833 0.575 -0.126 0.811
-13.5536 2.1808 6.6 0.5527 0.8496 -0.331 -0.244 0.913
-13.5536 2.1808 6.6 0.5527 0.8496 -0.331 -0.244 0.913
-11.4283 2.1516 5.9637 0.7646 0.8833 0.575 -0.126 0.811
-13.1588 2.9428 6.6981 0.5664 0.9292 -0.008 -0.165 0.984
-13.5189 1.3588 6.2704 0.5791 0.7734 -0.26 -0.535 0.803
-13.5536 2.1808 6.6 0.5527 0.8496 -0.331 -0.244 0.913
-13.8681 2.6287 6.3356 0.4954 0.8628 -0.661 -0.055 0.748
-13.5536 2.1808 6.6 0.5527 0.8496 -0.331 -0.244 0.913
-13.1588 2.9428 6.6981 0.5664 0.9292 -0.008 -0.165 0.984
-13.8681 2.6287 6.3356 0.4954 0.8628 -0.661 -0.055 0.748
-8.193 6.8443 -6.2846 0.0057 0.2639 -0.89 -0.283 -0.37
-6.5355 4.7825 -8.7062 0.0478 0.217 -0.646 -0.417 -0.638
-9.4577 3.3621 -0.5736 0.0539 0.3721 -0.866 -0.504 -0.008
-5.8117 0.3363 -6.3583 0.1119 0.2646 -0.496 -0.717 -0.488
-9.4577 3.3621 -0.5736 0.0539 0.3721 -0.866 -0.504 -0.008
-6.5355 4.7825 -8.7062 0.0478 0.217 -0.646 -0.417 -0.638
-5.8117 0.3363 -6.3583 0.1119 0.2646 -0.496 -0.717 -0.488
-6.5355 4.7825 -8.7062 0.0478 0.217 -0.646 -0.417 -0.638
4.0707 5.4926 -12.7757 0.1841 0.0631 -0.26 -0.48 -0.835
-5.8117 0.3363 -6.3583 0.1119 0.2646 -0.496 -0.717 -0.488
-7.9373 0.278 -1.7862 0.1027 0.3435 -0.669 -0.74 -0.087
-9.4577 3.3621 -0.5736 0.0539 0.3721 -0.866 -0.504 -0.008
4.0707 5.4926 -12.7757 0.1841 0.0631 -0.26 -0.48 -0.835
5.1676 -0.7411 -9.5226 0.2625 0.1545 -0.055 -0.803 -0.591
-5.8117 0.3363 -6.3583 0.1119 0.2646 -0.496 -0.717 -0.488
5.9792 5.5319 -12.9199 0.2251 0.0422 -0.047 -0.465 -0.882
5.1676 -0.7411 -9.5226 0.2625 0.1545 -0.055 -0.803 -0.591
4.0707 5.4926 -12.7757 0.1841 0.0631 -0.26 -0.48 -0.835
-7.9373 0.278 -1.7862 0.1027 0.3435 -0.669 -0.74 -0.087
-5.8117 0.3363 -6.3583 0.1119 0.2646 -0.496 -0.717 -0.488
0.4172 -2.8129 7.8136 0.2893 0.4556 -0.236 -0.945 0.22
-9.4577 3.3621 -0.5736 0.0539 0.3721 -0.866 -0.504 -0.008
-7.9373 0.278 -1.7862 0.1027 0.3435 -0.669 -0.74 -0.087
0.4172 -2.8129 7.8136 0.2893 0.4556 -0.236 -0.945 0.22
5.1676 -0.7411 -9.5226 0.2625 0.1545 -0.055 -0.803 -0.591
0.4172 -2.8129 7.8136 0.2893 0.4556 -0.236 -0.945 0.22
-5.8117 0.3363 -6.3583 0.1119 0.2646 -0.496 -0.717 -0.488
0.4172 -2.8129 7.8136 0.2893 0.4556 -0.236 -0.945 0.22
-2.9859 2.4619 11.2687 0.2161 0.5488 -0.685 -0.622 0.37
-9.4577 3.3621 -0.5736 0.0539 0.3721 -0.866 -0.504 -0.008
0.4172 -2.8129 7.8136 0.2893 0.4556 -0.236 -0.945 0.22
0.519 -1.6054 10.0453 0.301 0.4941 -0.299 -0.866 0.394
-2.9859 2.4619 11.2687 0.2161 0.5488 -0.685 -0.622 0.37
0.519 -1.6054 10.0453 0.301 0.4941 -0.299 -0.866 0.394
0.4172 -2.8129 7.8136 0.2893 0.4556 -0.236 -0.945 0.22
9.21 -0.2274 10.2963 0.4482 0.4385 0.346 -0.835 0.441
9.21 -0.2274 10.2963 0.4482 0.4385 0.346 -0.835 0.441
0.4172 -2.8129 7.8136 0.2893 0.4556 -0.236 -0.945 0.22
15.4848 -1.0806 2.6312 0.4905 0.2776 0.449 -0.874 0.181
0.4172 -2.8129 7.8136 0.2893 0.4556 -0.236 -0.945 0.22
5.1676 -0.7411 -9.5226 0.2625 0.1545 -0.055 -0.803 -0.591
15.4848 -1.0806 2.6312 0.4905 0.2776 0.449 -0.874 0.181
9.21 -0.2274 10.2963 0.4482 0.4385 0.346 -0.835 0.441
15.4848 -1.0806 2.6312 0.4905 0.2776 0.449 -0.874 0.181
12.3774 4.6273 11.2914 0.5488 0.446 0.551 -0.591 0.591
19.9027 3.1818 3.7781 0.5918 0.2654 0.669 -0.701 0.228
12.3774 4.6273 11.2914 0.5488 0.446 0.551 -0.591 0.591
15.4848 -1.0806 2.6312 0.4905 0.2776 0.449 -0.874 0.181
19.9027 3.1818 3.7781 0.5918 0.2654 0.669 -0.701 0.228
15.4848 -1.0806 2.6312 0.4905 0.2776 0.449 -0.874 0.181
21.9429 5.1939 0.3955 0.6152 0.1842 0.677 -0.732 -0.079
20.9414 5.2655 -7.096 0.5415 0.0599 0.669 -0.732 -0.118
21.9429 5.1939 0.3955 0.6152 0.1842 0.677 -0.732 -0.079
15.4848 -1.0806 2.6312 0.4905 0.2776 0.449 -0.874 0.181
13.9399 -0.8441 -8.5702 0.3977 0.1197 0.315 -0.811 -0.488
15.4848 -1.0806 2.6312 0.4905 0.2776 0.449 -0.874 0.181
5.1676 -0.7411 -9.5226 0.2625 0.1545 -0.055 -0.803 -0.591
20.9414 5.2655 -7.096 0.5415 0.0599 0.669 -0.732 -0.118
15.4848 -1.0806 2.6312 0.4905 0.2776 0.449 -0.874 0.181
13.9399 -0.8441 -8.5702 0.3977 0.1197 0.315 -0.811 -0.488
13.9399 -0.8441 -8.5702 0.3977 0.1197 0.315 -0.811 -0.488
5.1676 -0.7411 -9.5226 0.2625 0.1545 -0.055 -0.803 -0.591
5.9792 5.5319 -12.9199 0.2251 0.0422 -0.047 -0.465 -0.882
18.8284 3.8446 -9.4818 0.4746 0.0384 0.535 -0.661 -0.528
20.9414 5.2655 -7.096 0.5415 0.0599 0.669 -0.732 -0.118
13.9399 -0.8441 -8.5702 0.3977 0.1197 0.315 -0.811 -0.488
13.9399 -0.8441 -8.5702 0.3977 0.1197 0.315 -0.811 -0.488
5.9792 5.5319 -12.9199 0.2251 0.0422 -0.047 -0.465 -0.882
17.4074 5.2616 -10.424 0.4343 0.00510001 0.173 -0.409 -0.898
18.8284 3.8446 -9.4818 0.4746 0.0384 0.535 -0.661 -0.528
13.9399 -0.8441 -8.5702 0.3977 0.1197 0.315 -0.811 -0.488
17.4074 5.2616 -10.424 0.4343 0.00510001 0.173 -0.409 -0.898
