Vertex Count: 57

Data:

-668.126 421.944 245.812 0.4536 0.6333 -0.604 0.784 0.135
-673.065 416.374 238.722 0.4797 0.6523 -0.687 0.54 0.488
-669.421 326.732 258.275 0.4094 0.9316 -0.234 -0.535 0.812
-666.294 415.73 234.511 0.4797 0.6084 0.128 0.993 0.055
-669.063 421.938 229.111 0.4998 0.6084 0.279 0.909 0.31
-673.065 416.374 238.722 0.4797 0.6333 -0.687 0.54 0.488
-668.126 421.944 245.812 0.4536 0.6333 -0.604 0.784 0.135
-666.294 415.73 234.511 0.4797 0.6084 0.128 0.993 0.055
-673.065 416.374 238.722 0.4797 0.6333 -0.687 0.54 0.488
-661.355 421.301 241.6 0.4536 0.6084 -0.074 0.962 -0.266
-666.294 415.73 234.511 0.4797 0.6084 0.128 0.993 0.055
-668.126 421.944 245.812 0.4536 0.6333 -0.604 0.784 0.135
-661.355 421.301 241.6 0.4536 0.6084 -0.074 0.962 -0.266
-668.126 421.944 245.812 0.4536 0.6333 -0.604 0.784 0.135
-653.984 420.691 253.544 0.4094 0.6084 0.436 0.675 0.599
-660.755 421.335 257.755 0.4094 0.6333 -0.132 0.594 0.788
-653.984 420.691 253.544 0.4094 0.6084 0.436 0.675 0.599
-668.126 421.944 245.812 0.4536 0.6333 -0.604 0.784 0.135
-660.755 421.335 257.755 0.4094 0.6333 -0.132 0.594 0.788
-668.126 421.944 245.812 0.4536 0.6333 -0.604 0.784 0.135
-669.421 326.732 258.275 0.4094 0.9316 -0.234 -0.535 0.812
-653.984 420.691 253.544 0.3843 0.6333 0.436 0.675 0.599
-660.755 421.335 257.755 0.4094 0.6333 -0.132 0.594 0.788
-669.421 326.732 258.275 0.4094 0.9316 -0.234 -0.535 0.812
-662.65 326.089 254.064 0.3843 0.9316 0.318 -0.714 0.62
-653.984 420.691 253.544 0.3843 0.6333 0.436 0.675 0.599
-669.421 326.732 258.275 0.4094 0.9316 -0.234 -0.535 0.812
-669.063 421.938 229.111 0.4998 0.6084 0.279 0.909 0.31
-675.834 422.582 233.322 0.4998 0.6333 -0.319 0.752 0.569
-673.065 416.374 238.722 0.4797 0.6333 -0.687 0.54 0.488
-669.421 326.732 258.275 0.4094 0.9316 -0.234 -0.535 0.812
-673.065 416.374 238.722 0.4797 0.6523 -0.687 0.54 0.488
-675.834 422.582 233.322 0.4998 0.6338 -0.319 0.752 0.569
-662.65 326.089 254.064 0.4082 0.957 0.318 -0.714 0.62
-669.421 326.732 258.275 0.4094 0.9316 -0.234 -0.535 0.812
-753.618 323.259 108.245 0.9463 0.9893 -0.412 -0.724 -0.551
-760.389 323.903 112.457 0.9478 0.9639 -0.823 -0.542 -0.149
-753.618 323.259 108.245 0.9463 0.9893 -0.412 -0.724 -0.551
-669.421 326.732 258.275 0.4094 0.9316 -0.234 -0.535 0.812
-669.421 326.732 258.275 0.4094 0.9316 -0.234 -0.535 0.812
-675.834 422.582 233.322 0.4998 0.6338 -0.319 0.752 0.569
-760.389 323.903 112.457 0.9478 0.9639 -0.823 -0.542 -0.149
-755.2 429.145 104.722 0.9746 0.6338 -0.749 0.629 -0.209
-760.389 323.903 112.457 0.9478 0.9639 -0.823 -0.542 -0.149
-675.834 422.582 233.322 0.4998 0.6338 -0.319 0.752 0.569
-675.834 422.582 233.322 0.4998 0.6338 -0.319 0.752 0.569
-669.063 421.938 229.111 0.4998 0.6084 0.279 0.909 0.31
-755.2 429.145 104.722 0.9746 0.6338 -0.749 0.629 -0.209
-748.428 428.502 100.51 0.9746 0.6084 -0.322 0.706 -0.626
-755.2 429.145 104.722 0.9746 0.6338 -0.749 0.629 -0.209
-669.063 421.938 229.111 0.4998 0.6084 0.279 0.909 0.31
-753.618 323.259 108.245 0.9731 0.9658 -0.412 -0.724 -0.551
-760.389 323.903 112.457 0.9478 0.9639 -0.823 -0.542 -0.149
-755.2 429.145 104.722 0.9746 0.6338 -0.749 0.629 -0.209
-748.428 428.502 100.51 0.9995 0.6357 -0.322 0.706 -0.626
-753.618 323.259 108.245 0.9731 0.9658 -0.412 -0.724 -0.551
-755.2 429.145 104.722 0.9746 0.6338 -0.749 0.629 -0.209
