Vertex Count: 318

Data:

45.2098 4.3797 -2.9792 0.051 0.4565 0 0 -1
1.1201 2.1588 -2.9792 0.202 0.4563 0 0 -1
44.8415 11.6911 -2.9792 0.0509 0.4814 0 0 -1
42.371 49.6569 0.5371 0.2708 0.2228 0 0 -1
42.3709 -50.6136 0.5371 0.2708 0.0245 0 0 -1
-42.3709 49.6569 0.5371 0.4382 0.2228 0 0 -1
-43.338 7.2492 3.0613 0.3533 0.5005 0 0 1
-42.9697 -0.0622 3.0613 0.3538 0.5259 0 0 1
-5.2671 8.8465 3.0613 0.2229 0.4993 0 0 1
1.1201 2.1588 3.0613 0.2023 0.5264 0 0 1
-5.2671 8.8465 3.0613 0.2229 0.4993 0 0 1
-42.9697 -0.0622 3.0613 0.3538 0.5259 0 0 1
1.1201 2.1588 3.0613 0.202 0.4355 0.047 -1 -0
-42.9697 -0.0622 -2.9793 0.3533 0.4553 0.047 -1 -0
1.1201 2.1588 -2.9792 0.202 0.4563 0.047 -1 -0
-42.9697 -0.0622 3.0613 0.353 0.4346 0.047 -1 -0
-42.9697 -0.0622 -2.9793 0.3533 0.4553 0.047 -1 -0
1.1201 2.1588 3.0613 0.202 0.4355 0.047 -1 -0
44.8415 11.6911 -2.9792 0.0509 0.4814 -0.071 0.992 -0.126
-5.1919 7.3524 -2.9792 0.2229 0.4751 -0.071 0.992 -0.126
44.8415 11.6911 3.0613 0.051 0.502 -0.071 0.992 -0.126
-5.2671 8.8465 3.0613 0.2229 0.4993 -0.071 0.992 -0.126
44.8415 11.6911 3.0613 0.051 0.502 -0.071 0.992 -0.126
-5.1919 7.3524 -2.9792 0.2229 0.4751 -0.071 0.992 -0.126
44.8415 11.6911 3.0613 0.051 0.502 0 0 1
1.1201 2.1588 3.0613 0.2023 0.5264 0 0 1
45.2098 4.3798 3.0613 0.0506 0.5269 0 0 1
1.1201 2.1588 3.0613 0.2023 0.5264 0 0 1
44.8415 11.6911 3.0613 0.051 0.502 0 0 1
-5.2671 8.8465 3.0613 0.2229 0.4993 0 0 1
45.2098 4.3798 3.0613 0.0509 0.4358 0.047 -1 -0
1.1201 2.1588 -2.9792 0.202 0.4563 0.047 -1 -0
45.2098 4.3797 -2.9792 0.051 0.4565 0.047 -1 -0
1.1201 2.1588 3.0613 0.202 0.4355 0.047 -1 -0
1.1201 2.1588 -2.9792 0.202 0.4563 0.047 -1 -0
45.2098 4.3798 3.0613 0.0509 0.4358 0.047 -1 -0
-5.1919 7.3524 -2.9792 0.2229 0.4751 -0.024 0.992 -0.126
-43.338 7.2492 -2.9793 0.3535 0.4802 -0.024 0.992 -0.126
-5.2671 8.8465 3.0613 0.2229 0.4993 -0.024 0.992 -0.126
-43.338 7.2492 3.0613 0.3533 0.5005 -0.024 0.992 -0.126
-5.2671 8.8465 3.0613 0.2229 0.4993 -0.024 0.992 -0.126
-43.338 7.2492 -2.9793 0.3535 0.4802 -0.024 0.992 -0.126
43.3351 30.1794 -1.7959 0.6724 0.3333 0 0 -1
-42.5448 31.752 -1.7959 0.4456 0.3333 0 0 -1
43.3968 33.5506 -1.7959 0.6724 0.3252 0 0 -1
-42.483 35.1232 -1.7959 0.4456 0.3252 0 0 -1
43.3968 33.5506 -1.7959 0.6724 0.3252 0 0 -1
-42.5448 31.752 -1.7959 0.4456 0.3333 0 0 -1
42.9258 7.8302 -1.7959 0.6719 0.4021 0 0 -1
-42.954 9.4028 -1.7959 0.4451 0.4021 0 0 -1
42.9876 11.2015 -1.7959 0.6719 0.3933 0 0 -1
-42.8923 12.774 -1.7959 0.4451 0.3933 0 0 -1
42.9876 11.2015 -1.7959 0.6719 0.3933 0 0 -1
-42.954 9.4028 -1.7959 0.4451 0.4021 0 0 -1
-42.8176 16.8525 -1.7959 0.4451 0.3779 0 0 -1
-42.7559 20.2238 -1.7959 0.4451 0.3699 0 0 -1
43.0622 15.28 -1.7959 0.6719 0.3779 0 0 -1
43.124 18.6512 -1.7959 0.6719 0.3699 0 0 -1
43.0622 15.28 -1.7959 0.6719 0.3779 0 0 -1
-42.7559 20.2238 -1.7959 0.4451 0.3699 0 0 -1
43.1987 22.7297 -1.7959 0.6719 0.3552 0 0 -1
-42.6812 24.3023 -1.7959 0.4453 0.3552 0 0 -1
43.2604 26.1009 -1.7959 0.6719 0.3474 0 0 -1
-42.6194 27.6735 -1.7959 0.4453 0.3474 0 0 -1
43.2604 26.1009 -1.7959 0.6719 0.3474 0 0 -1
-42.6812 24.3023 -1.7959 0.4453 0.3552 0 0 -1
43.6697 48.4501 -1.7959 0.6724 0.2786 0 0 -1
43.6079 45.0789 -1.7959 0.6724 0.2871 0 0 -1
-42.2719 46.6515 -1.7959 0.4458 0.2871 0 0 -1
-42.2719 46.6515 -1.7959 0.4458 0.2871 0 0 -1
-42.2102 50.0227 -1.7959 0.4458 0.2786 0 0 -1
43.6697 48.4501 -1.7959 0.6724 0.2786 0 0 -1
-42.4083 39.2017 -1.7959 0.4456 0.3108 0 0 -1
-42.3466 42.573 -1.7959 0.4458 0.3025 0 0 -1
43.4715 37.6292 -1.7959 0.6724 0.3108 0 0 -1
43.5332 41.0004 -1.7959 0.6724 0.3025 0 0 -1
43.4715 37.6292 -1.7959 0.6724 0.3108 0 0 -1
-42.3466 42.573 -1.7959 0.4458 0.3025 0 0 -1
-42.5821 29.7127 0.5371 0.4453 0.3403 -0.016 -0.756 -0.661
-42.5448 31.752 -1.7959 0.4456 0.3333 -0.016 -0.756 -0.661
43.2977 28.1402 0.5371 0.6719 0.3403 -0.016 -0.756 -0.661
43.3351 30.1794 -1.7959 0.6724 0.3333 -0.016 -0.756 -0.661
43.2977 28.1402 0.5371 0.6719 0.3403 -0.016 -0.756 -0.661
-42.5448 31.752 -1.7959 0.4456 0.3333 -0.016 -0.756 -0.661
-42.483 35.1232 -1.7959 0.4456 0.3252 0.016 0.756 -0.661
-42.4457 37.1625 0.5371 0.4456 0.3181 0.016 0.756 -0.661
43.3968 33.5506 -1.7959 0.6724 0.3252 0.016 0.756 -0.661
43.4342 35.5899 0.5371 0.6724 0.3181 0.016 0.756 -0.661
43.3968 33.5506 -1.7959 0.6724 0.3252 0.016 0.756 -0.661
-42.4457 37.1625 0.5371 0.4456 0.3181 0.016 0.756 -0.661
-42.9914 7.3636 0.5371 0.4448 0.4102 -0.016 -0.756 -0.661
-42.954 9.4028 -1.7959 0.4451 0.4021 -0.016 -0.756 -0.661
42.8885 5.791 0.5371 0.6719 0.4102 -0.016 -0.756 -0.661
42.9258 7.8302 -1.7959 0.6719 0.4021 -0.016 -0.756 -0.661
42.8885 5.791 0.5371 0.6719 0.4102 -0.016 -0.756 -0.661
-42.954 9.4028 -1.7959 0.4451 0.4021 -0.016 -0.756 -0.661
-42.8923 12.774 -1.7959 0.4451 0.3933 0.016 0.756 -0.661
-42.8549 14.8133 0.5371 0.4451 0.3855 0.016 0.756 -0.661
42.9876 11.2015 -1.7959 0.6719 0.3933 0.016 0.756 -0.661
43.0249 13.2407 0.5371 0.6719 0.3855 0.016 0.756 -0.661
42.9876 11.2015 -1.7959 0.6719 0.3933 0.016 0.756 -0.661
-42.8549 14.8133 0.5371 0.4451 0.3855 0.016 0.756 -0.661
-42.8549 14.8133 0.5371 0.4451 0.3855 -0.016 -0.756 -0.661
-42.8176 16.8525 -1.7959 0.4451 0.3779 -0.016 -0.756 -0.661
43.0249 13.2407 0.5371 0.6719 0.3855 -0.016 -0.756 -0.661
43.0622 15.28 -1.7959 0.6719 0.3779 -0.016 -0.756 -0.661
43.0249 13.2407 0.5371 0.6719 0.3855 -0.016 -0.756 -0.661
-42.8176 16.8525 -1.7959 0.4451 0.3779 -0.016 -0.756 -0.661
-42.7559 20.2238 -1.7959 0.4451 0.3699 0.016 0.756 -0.661
-42.7185 22.263 0.5371 0.4451 0.3625 0.016 0.756 -0.661
43.124 18.6512 -1.7959 0.6719 0.3699 0.016 0.756 -0.661
43.1613 20.6904 0.5371 0.6719 0.3625 0.016 0.756 -0.661
43.124 18.6512 -1.7959 0.6719 0.3699 0.016 0.756 -0.661
-42.7185 22.263 0.5371 0.4451 0.3625 0.016 0.756 -0.661
-42.7185 22.263 0.5371 0.4451 0.3625 -0.016 -0.756 -0.661
-42.6812 24.3023 -1.7959 0.4453 0.3552 -0.016 -0.756 -0.661
43.1613 20.6904 0.5371 0.6719 0.3625 -0.016 -0.756 -0.661
43.1987 22.7297 -1.7959 0.6719 0.3552 -0.016 -0.756 -0.661
43.1613 20.6904 0.5371 0.6719 0.3625 -0.016 -0.756 -0.661
-42.6812 24.3023 -1.7959 0.4453 0.3552 -0.016 -0.756 -0.661
-42.6194 27.6735 -1.7959 0.4453 0.3474 0.016 0.756 -0.661
-42.5821 29.7127 0.5371 0.4453 0.3403 0.016 0.756 -0.661
43.2604 26.1009 -1.7959 0.6719 0.3474 0.016 0.756 -0.661
43.2977 28.1402 0.5371 0.6719 0.3403 0.016 0.756 -0.661
43.2604 26.1009 -1.7959 0.6719 0.3474 0.016 0.756 -0.661
-42.5821 29.7127 0.5371 0.4453 0.3403 0.016 0.756 -0.661
-42.2102 50.0227 -1.7959 0.4458 0.2786 0.016 0.756 -0.661
-42.1729 52.0619 0.5371 0.4458 0.2705 0.016 0.756 -0.661
43.6697 48.4501 -1.7959 0.6724 0.2786 0.016 0.756 -0.661
43.707 50.4894 0.5371 0.6724 0.2705 0.016 0.756 -0.661
43.6697 48.4501 -1.7959 0.6724 0.2786 0.016 0.756 -0.661
-42.1729 52.0619 0.5371 0.4458 0.2705 0.016 0.756 -0.661
-42.3093 44.6122 0.5371 0.4458 0.2949 -0.016 -0.756 -0.661
-42.2719 46.6515 -1.7959 0.4458 0.2871 -0.016 -0.756 -0.661
43.5706 43.0396 0.5371 0.6724 0.2949 -0.016 -0.756 -0.661
43.6079 45.0789 -1.7959 0.6724 0.2871 -0.016 -0.756 -0.661
43.5706 43.0396 0.5371 0.6724 0.2949 -0.016 -0.756 -0.661
-42.2719 46.6515 -1.7959 0.4458 0.2871 -0.016 -0.756 -0.661
-42.3466 42.573 -1.7959 0.4458 0.3025 0.016 0.756 -0.661
-42.3093 44.6122 0.5371 0.4458 0.2949 0.016 0.756 -0.661
43.5332 41.0004 -1.7959 0.6724 0.3025 0.016 0.756 -0.661
43.5706 43.0396 0.5371 0.6724 0.2949 0.016 0.756 -0.661
43.5332 41.0004 -1.7959 0.6724 0.3025 0.016 0.756 -0.661
-42.3093 44.6122 0.5371 0.4458 0.2949 0.016 0.756 -0.661
-42.4457 37.1625 0.5371 0.4456 0.3181 -0.016 -0.756 -0.661
-42.4083 39.2017 -1.7959 0.4456 0.3108 -0.016 -0.756 -0.661
43.4342 35.5899 0.5371 0.6724 0.3181 -0.016 -0.756 -0.661
43.4715 37.6292 -1.7959 0.6724 0.3108 -0.016 -0.756 -0.661
43.4342 35.5899 0.5371 0.6724 0.3181 -0.016 -0.756 -0.661
-42.4083 39.2017 -1.7959 0.4456 0.3108 -0.016 -0.756 -0.661
-43.338 7.2492 -2.9793 0.3535 0.4802 0 0 -1
-5.1919 7.3524 -2.9792 0.2229 0.4751 0 0 -1
-42.9697 -0.0622 -2.9793 0.3533 0.4553 0 0 -1
1.1201 2.1588 -2.9792 0.202 0.4563 0 0 -1
-42.9697 -0.0622 -2.9793 0.3533 0.4553 0 0 -1
-5.1919 7.3524 -2.9792 0.2229 0.4751 0 0 -1
-5.1919 7.3524 -2.9792 0.2229 0.4751 0 0 -1
44.8415 11.6911 -2.9792 0.0509 0.4814 0 0 -1
1.1201 2.1588 -2.9792 0.202 0.4563 0 0 -1
-42.3709 -50.6136 0.5371 0.4382 0.0245 0 0 -1
-42.3709 49.6569 0.5371 0.4382 0.2228 0 0 -1
42.3709 -50.6136 0.5371 0.2708 0.0245 0 0 -1
-47.8735 -55.2945 5.9906 0.3889 0.8535 -1 0.008 -0.031
-47.9522 -52.4362 -3.4569 0.3779 0.8232 -0.913 -0.008 -0.402
-47.9421 -55.2831 -0.5654 0.3879 0.832 -1 0.008 0.008
-47.9522 -52.4362 -3.4569 0.3779 0.8232 -0.913 -0.008 -0.402
-47.8735 -55.2945 5.9906 0.3889 0.8535 -1 0.008 -0.031
-46.762 11.1847 -6.4354 0.167 0.8242 -0.701 0 -0.709
-46.762 11.1847 -6.4354 0.167 0.8242 -0.701 0 -0.709
-47.8735 -55.2945 5.9906 0.3889 0.8535 -1 0.008 -0.031
-47.1908 55.3853 3.5342 0.0215 0.8604 -1 -0.008 -0.008
-47.1908 55.3853 3.5342 0.0215 0.8604 -1 -0.008 -0.008
-47.2053 55.4727 -5.3252 0.0203 0.8257 -0.913 0 -0.402
-46.762 11.1847 -6.4354 0.167 0.8242 -0.701 0 -0.709
-41.3085 -48.287 -3.537 0.3643 0.8037 0.583 -0.047 -0.811
-47.9522 -52.4362 -3.4569 0.3779 0.8232 -0.913 -0.008 -0.402
-46.762 11.1847 -6.4354 0.167 0.8242 -0.701 0 -0.709
-47.2053 55.4727 -5.3252 0.0203 0.8257 -0.913 0 -0.402
-40.7159 48.32 -5.8909 0.0443 0.7998 0.512 0.016 -0.858
-46.762 11.1847 -6.4354 0.167 0.8242 -0.701 0 -0.709
-41.2268 -48.3051 5.8635 0.366 0.7734 1 -0.008 -0.008
-41.3085 -48.287 -3.537 0.3643 0.8037 0.583 -0.047 -0.811
-40.9132 8.6017 4.5582 0.1774 0.769 1 -0.008 -0.008
-46.762 11.1847 -6.4354 0.167 0.8242 -0.701 0 -0.709
-40.7159 48.32 -5.8909 0.0443 0.7998 0.512 0.016 -0.858
-40.9591 8.6705 -6.9652 0.1753 0.8066 0.677 -0.024 -0.732
-40.9591 8.6705 -6.9652 0.1753 0.8066 0.677 -0.024 -0.732
-41.3085 -48.287 -3.537 0.3643 0.8037 0.583 -0.047 -0.811
-46.762 11.1847 -6.4354 0.167 0.8242 -0.701 0 -0.709
-40.9132 8.6017 4.5582 0.1774 0.769 1 -0.008 -0.008
-41.3085 -48.287 -3.537 0.3643 0.8037 0.583 -0.047 -0.811
-40.9591 8.6705 -6.9652 0.1753 0.8066 0.677 -0.024 -0.732
-40.6949 48.2159 3.6496 0.0461 0.7661 1 -0.008 -0
-40.9591 8.6705 -6.9652 0.1753 0.8066 0.677 -0.024 -0.732
-40.7159 48.32 -5.8909 0.0443 0.7998 0.512 0.016 -0.858
-40.9132 8.6017 4.5582 0.1774 0.769 1 -0.008 -0.008
-40.9591 8.6705 -6.9652 0.1753 0.8066 0.677 -0.024 -0.732
-40.6949 48.2159 3.6496 0.0461 0.7661 1 -0.008 -0
47.9522 54.063 3.7379 0.0182 0.8809 1 0 -0
47.9477 51.1947 -5.6979 0.0271 0.9126 0.913 0 -0.402
47.9506 54.0438 -2.9454 0.0178 0.9033 1 0 -0
47.9477 51.1947 -5.6979 0.0271 0.9126 0.913 0 -0.402
47.9522 54.063 3.7379 0.0182 0.8809 1 0 -0
47.9144 8.3401 -5.9424 0.1696 0.916 0.677 -0.024 -0.732
47.9144 8.3401 -5.9424 0.1696 0.916 0.677 -0.024 -0.732
47.9522 54.063 3.7379 0.0182 0.8809 1 0 -0
47.8757 -55.4692 6.9652 0.3828 0.8784 1 0 -0
47.8757 -55.4692 6.9652 0.3828 0.8784 1 0 -0
47.8648 -55.4727 -2.322 0.3818 0.9106 0.906 -0.024 -0.425
47.9144 8.3401 -5.9424 0.1696 0.916 0.677 -0.024 -0.732
41.4413 47.1515 -5.6704 0.0403 0.9346 -0.606 -0.008 -0.795
47.9477 51.1947 -5.6979 0.0271 0.9126 0.913 0 -0.402
47.9144 8.3401 -5.9424 0.1696 0.916 0.677 -0.024 -0.732
41.3498 -48.4899 -2.6793 0.3589 0.9336 -0.583 -0.039 -0.811
47.9144 8.3401 -5.9424 0.1696 0.916 0.677 -0.024 -0.732
47.8648 -55.4727 -2.322 0.3818 0.9106 0.906 -0.024 -0.425
42.4962 8.7266 -5.2953 0.1682 0.9341 -0.701 -0.016 -0.717
41.4413 47.1515 -5.6704 0.0403 0.9346 -0.606 -0.008 -0.795
47.9144 8.3401 -5.9424 0.1696 0.916 0.677 -0.024 -0.732
47.9144 8.3401 -5.9424 0.1696 0.916 0.677 -0.024 -0.732
41.3498 -48.4899 -2.6793 0.3589 0.9336 -0.583 -0.039 -0.811
42.4962 8.7266 -5.2953 0.1682 0.9341 -0.701 -0.016 -0.717
41.4445 47.1676 3.8475 0.0409 0.9663 -1 -0.016 -0.055
41.4413 47.1515 -5.6704 0.0403 0.9346 -0.606 -0.008 -0.795
42.4962 8.7266 -5.2953 0.1682 0.9341 -0.701 -0.016 -0.717
42.4962 8.7266 -5.2953 0.1682 0.9341 -0.701 -0.016 -0.717
41.4115 8.7374 4.9667 0.1692 0.9683 -1 0 -0.055
41.4445 47.1676 3.8475 0.0409 0.9663 -1 -0.016 -0.055
41.4115 8.7374 4.9667 0.1692 0.9683 -1 0 -0.055
42.4962 8.7266 -5.2953 0.1682 0.9341 -0.701 -0.016 -0.717
41.3498 -48.4899 -2.6793 0.3589 0.9336 -0.583 -0.039 -0.811
41.3498 -48.4899 -2.6793 0.3589 0.9336 -0.583 -0.039 -0.811
41.3623 -48.4871 6.6333 0.3601 0.9648 -1 0.008 -0.055
41.4115 8.7374 4.9667 0.1692 0.9683 -1 0 -0.055
47.9506 54.0438 -2.9454 0.0211 0.7256 0.016 0.929 -0.362
16.8198 53.9611 3.636 0.1415 0.7505 0.008 1 0.008
47.9522 54.063 3.7379 0.021 0.751 0 1 -0
16.8117 53.9952 -4.1354 0.1418 0.7197 0.024 0.937 -0.354
16.8198 53.9611 3.636 0.1415 0.7505 0.008 1 0.008
47.9506 54.0438 -2.9454 0.0211 0.7256 0.016 0.929 -0.362
16.8117 53.9952 -4.1354 0.1418 0.7197 0.024 0.937 -0.354
-47.1908 55.3853 3.5342 0.3896 0.7544 0.024 1 0.008
16.8198 53.9611 3.636 0.1415 0.7505 0.008 1 0.008
47.9506 54.0438 -2.9454 0.0211 0.7256 0.016 0.929 -0.362
47.9477 51.1947 -5.6979 0.0209 0.7104 0.024 0.559 -0.827
16.8117 53.9952 -4.1354 0.1418 0.7197 0.024 0.937 -0.354
-47.2053 55.4727 -5.3252 0.3901 0.7202 0.024 0.898 -0.441
-47.1908 55.3853 3.5342 0.3896 0.7544 0.024 1 0.008
16.8117 53.9952 -4.1354 0.1418 0.7197 0.024 0.937 -0.354
15.8351 52.9585 -5.5388 0.1455 0.7129 0.016 0.441 -0.898
16.8117 53.9952 -4.1354 0.1418 0.7197 0.024 0.937 -0.354
47.9477 51.1947 -5.6979 0.0209 0.7104 0.024 0.559 -0.827
15.8351 52.9585 -5.5388 0.1455 0.7129 0.016 0.441 -0.898
-47.2053 55.4727 -5.3252 0.3901 0.7202 0.024 0.898 -0.441
16.8117 53.9952 -4.1354 0.1418 0.7197 0.024 0.937 -0.354
41.4413 47.1515 -5.6704 0.0458 0.6929 -0.008 -0.504 -0.858
15.8351 52.9585 -5.5388 0.1455 0.7129 0.016 0.441 -0.898
47.9477 51.1947 -5.6979 0.0209 0.7104 0.024 0.559 -0.827
15.8351 52.9585 -5.5388 0.1455 0.7129 0.016 0.441 -0.898
0.3627 47.7357 -5.7806 0.2052 0.6924 -0.008 -0.685 -0.732
-47.2053 55.4727 -5.3252 0.3901 0.7202 0.024 0.898 -0.441
15.8351 52.9585 -5.5388 0.1455 0.7129 0.016 0.441 -0.898
41.4413 47.1515 -5.6704 0.0458 0.6929 -0.008 -0.504 -0.858
0.3627 47.7357 -5.7806 0.2052 0.6924 -0.008 -0.685 -0.732
-40.7159 48.32 -5.8909 0.3645 0.6929 -0.008 -0.52 -0.85
-47.2053 55.4727 -5.3252 0.3901 0.7202 0.024 0.898 -0.441
0.3627 47.7357 -5.7806 0.2052 0.6924 -0.008 -0.685 -0.732
-40.7159 48.32 -5.8909 0.3645 0.6929 -0.008 -0.52 -0.85
0.3627 47.7357 -5.7806 0.2052 0.6924 -0.008 -0.685 -0.732
-40.6949 48.2159 3.6496 0.3645 0.6558 -0.016 -1 -0.008
0.3748 47.6918 3.7485 0.2052 0.6558 -0.016 -1 -0.008
-40.6949 48.2159 3.6496 0.3645 0.6558 -0.016 -1 -0.008
0.3627 47.7357 -5.7806 0.2052 0.6924 -0.008 -0.685 -0.732
0.3627 47.7357 -5.7806 0.2052 0.6924 -0.008 -0.685 -0.732
41.4413 47.1515 -5.6704 0.0458 0.6929 -0.008 -0.504 -0.858
0.3748 47.6918 3.7485 0.2052 0.6558 -0.016 -1 -0.008
41.4445 47.1676 3.8475 0.0458 0.6553 -0.016 -1 -0
0.3748 47.6918 3.7485 0.2052 0.6558 -0.016 -1 -0.008
41.4413 47.1515 -5.6704 0.0458 0.6929 -0.008 -0.504 -0.858
-47.8735 -55.2945 5.9906 0.3821 0.5498 0 -1 -0
-47.9421 -55.2831 -0.5654 0.3821 0.5737 -0.016 -0.929 -0.37
4.599 -55.3902 6.5247 0.1829 0.5479 0 -1 -0
7.3907 -55.3905 -2.7805 0.1722 0.584 0.008 -0.717 -0.693
4.599 -55.3902 6.5247 0.1829 0.5479 0 -1 -0
-47.9421 -55.2831 -0.5654 0.3821 0.5737 -0.016 -0.929 -0.37
4.599 -55.3902 6.5247 0.1829 0.5479 0 -1 -0
7.3907 -55.3905 -2.7805 0.1722 0.584 0.008 -0.717 -0.693
47.8757 -55.4692 6.9652 0.0187 0.5464 0 -1 -0
47.8648 -55.4727 -2.322 0.0188 0.5815 0 -0.89 -0.449
47.8757 -55.4692 6.9652 0.0187 0.5464 0 -1 -0
7.3907 -55.3905 -2.7805 0.1722 0.584 0.008 -0.717 -0.693
7.3907 -55.3905 -2.7805 0.1722 0.584 0.008 -0.717 -0.693
-47.9421 -55.2831 -0.5654 0.3821 0.5737 -0.016 -0.929 -0.37
-47.9522 -52.4362 -3.4569 0.3826 0.5879 -0.016 -0.551 -0.835
41.3498 -48.4899 -2.6793 0.0434 0.6079 0 0.528 -0.85
47.8648 -55.4727 -2.322 0.0188 0.5815 0 -0.89 -0.449
7.3907 -55.3905 -2.7805 0.1722 0.584 0.008 -0.717 -0.693
-5.8529 -49.7397 -3.0669 0.2228 0.6055 0.016 0.661 -0.748
7.3907 -55.3905 -2.7805 0.1722 0.584 0.008 -0.717 -0.693
-47.9522 -52.4362 -3.4569 0.3826 0.5879 -0.016 -0.551 -0.835
7.3907 -55.3905 -2.7805 0.1722 0.584 0.008 -0.717 -0.693
-5.8529 -49.7397 -3.0669 0.2228 0.6055 0.016 0.661 -0.748
41.3498 -48.4899 -2.6793 0.0434 0.6079 0 0.528 -0.85
-41.3085 -48.287 -3.537 0.3577 0.604 0.016 0.48 -0.874
-5.8529 -49.7397 -3.0669 0.2228 0.6055 0.016 0.661 -0.748
-47.9522 -52.4362 -3.4569 0.3826 0.5879 -0.016 -0.551 -0.835
-41.3085 -48.287 -3.537 0.3577 0.604 0.016 0.48 -0.874
-41.2268 -48.3051 5.8635 0.3572 0.6396 0.024 1 -0.079
-5.8529 -49.7397 -3.0669 0.2228 0.6055 0.016 0.661 -0.748
-5.8529 -49.7397 -3.0669 0.2228 0.6055 0.016 0.661 -0.748
-41.2268 -48.3051 5.8635 0.3572 0.6396 0.024 1 -0.079
4.0337 -48.4048 6.2854 0.1853 0.6416 -0.008 1 -0.071
4.0337 -48.4048 6.2854 0.1853 0.6416 -0.008 1 -0.071
41.3498 -48.4899 -2.6793 0.0434 0.6079 0 0.528 -0.85
-5.8529 -49.7397 -3.0669 0.2228 0.6055 0.016 0.661 -0.748
41.3498 -48.4899 -2.6793 0.0434 0.6079 0 0.528 -0.85
4.0337 -48.4048 6.2854 0.1853 0.6416 -0.008 1 -0.071
41.3623 -48.4871 6.6333 0.0435 0.6426 -0.016 1 -0.063
